-2.2159902745074223 0.11896664340837762 -0.8770240805215692 0.16731237905780982 1.2660639923157344 -0.001767217404025667
1.4584423428916529 0.15234631122399486 -0.6084920377275658 -0.09555671462190136 -0.3066458021213812 0.0025790563938079053
2.1092709727726255 0.08929354587657713 1.5098603652804146 0.08203272691283976 1.6820955744463126 0.0009252882332457483
4.21411431422976 0.24679293398101185 -3.0480021234194865 0.1507735379041433 -1.353282049469902 0.0001812639522424537
2.8646222169574846 0.14588428409261386 0.9120897654319444 0.34709717323636946 -0.5579503617394558 0.0014093864282179228
3.126247559747582 -0.06499372427934509 0.5272435731700661 -0.14628545115059655 -0.13603419267669822 0.0013704091824770497
1.559784413087028 0.0979835295271398 0.7099782146064029 -0.18134255005652125 1.0471146261650177 0.0017730915275001762
-3.4188808302540425 0.19187851808643275 -1.839902924002405 -0.15957513320150832 0.45877516386337425 -0.0004533269323024473
-0.15446777549606344 -0.11042585535726328 2.7600424109078174 0.09535748266486381 -0.8093657824881715 0.000495009404218185
2.3926622039493375 0.31322043927994153 1.5528575841287195 -0.09426017393714406 1.4199672929375873 0.0019162259547028525
0.3097800657742946 0.32110083197400835 2.779528113158831 -0.0916148360218218 -0.7879437714116777 0.0014051595435473063
-5.003035669565495 0.07601097728015753 -0.39511378413865006 0.19203597575670908 0.16970456266002407 -0.002537622822557925
-4.509309883028975 0.03655914329465397 5.724896057449603 -0.06407049248968699 1.1919622413417883 -0.0011247311597123453
1.2928749591895288 -0.1166164750653708 -4.837378029312656 0.06265688023178166 -1.59678523427798 -0.0010230616711665982
-1.3841224301147128 -0.12954601850315123 0.9406548505507046 0.048338258209054394 0.9444743965061303 0.00028058198250070304
-6.875667728537447 0.06293024888155109 -3.2736091318443234 0.059017424795196914 0.7585151509783341 -0.00020213585202758451
-0.25244417703941663 -0.1681728742099255 0.24185055948404643 -0.008865297604183814 -1.1291253983097067 0.0008778079514620584
2.477753720664152 -0.10581649721879971 6.664625889853584 -0.23909591564986568 -1.6774516511189277 0.000555627639178997
0.9611144262390626 0.04794856968500438 0.5950954059139344 -0.13905421067356458 -0.7995838857383052 -0.0008004203572100288
-2.879452289030463 0.18432019490009963 0.4774128192464955 0.020068892597768707 -0.6625417331924582 -0.0008607792799277724
-4.917438126548994 -0.030092051501327963 2.1353664540442483 -0.31036700567037645 0.43943267544037423 -0.0031883667048620253
-10.578471720614214 0.10026961973870595 -1.8817230288959776 0.1424001058033224 -1.0783274242029475 -0.0026155050967824724
4.592986858599263 -0.07790709996218428 1.713039376701676 -0.08484297537436009 -0.2597217975334324 0.0015653417058767453
-1.3272288735758646 -0.1290760578374129 -4.919304341525821 0.00671449482705772 -0.3966927672432451 -0.0016581793883382392
-1.8208662633072568 0.11322660684804324 4.335062925112869 -0.03220690963705582 -0.6160971962405944 6.1320424383034e-05
-1.584482804287619 0.13036497968518826 8.865211208435879 0.22425216420840552 1.6260761519710294 0.0008447474048655228
3.1323702516782133 0.20790388273909233 -8.101405554805826 0.18243084927774977 0.1892915301973733 0.003834613777697463
-2.8807365300053878 -0.013743850552809486 -1.6495994829966867 0.10190243468874685 0.5864076686270088 -0.0013888503645488888
3.399063317054488 -0.15038195614713762 3.0568797293664827 0.04969231787297484 -0.1790382503273275 0.0033079843748983506
-4.017685388876179 -0.18547990458952912 2.0553748737810715 0.08635118352969556 1.5704408270398151 0.000645419399720178
0.19909661389592645 -0.6221866281877664 -1.1043034937391556 0.15854109312836556 -0.38788424604564936 0.002437468196516206
0.559297708405741 0.028500748047840665 -3.1084587322839914 -0.14225546335140518 -1.0612227770112015 0.002962465912285314
-0.7278965747165008 0.19602528106625747 0.4966403801388785 0.27630255385346314 0.4216749972509258 -0.0005653150657258401
6.4107024073033445 -0.026710304834110382 2.392871473559665 0.08839417806970461 0.10171841964492989 0.0031070269972304576
1.1433989479762199 0.13551664818147155 3.2519825069564514 0.0125996503811559 1.4933163373600469 0.0011185961048949457
-2.69028170326237 -0.19863242372520062 2.3113918517800247 0.21394603530059766 -0.7396239559800957 -0.00015485468640917446
3.1074900269999084 0.218701572520007 1.8288529269303462 0.13752887106704853 1.0749740354717192 -0.0005816011851918116
1.1847828678210521 0.1463213238575758 0.4039220650551254 -0.19383222753001167 1.2811121675549526 0.0012508147261890896
1.646231499278323 -0.19370601655372294 2.5224332195280654 -0.06180423328620457 -0.9875078436056874 0.002187694637630444
-4.322948554948325 0.3764887837274422 3.089908541608931 -0.40479933091807463 -1.2795019455571002 -0.0009175070173678082
2.492162713118433 0.1291149307875217 0.5092955958092716 -0.06392073945995756 1.1879434044195674 -0.0015132886921059826
-2.6398553325798737 -0.1728712083607072 2.681068994231763 -0.11255695277114329 0.08002260692450774 -0.0014787880337703801
-7.008779773208096 0.5143139806535435 -7.3888331359242025 -0.15760714673580775 1.6186541327923882 -0.00011987946561736966
-1.006771831606738 0.041864318503623564 0.6071842352271704 0.21975938581188528 -0.10960329900832132 0.0016358985986043024
-2.4974869649758165 -0.005072920968392882 2.765109657652827 0.17645731863364772 1.2212677319113943 6.255620770531665e-05
-1.4910147056080794 -0.14445971125966964 3.82537768854199 0.07989244455769855 -1.0827779465104967 0.000505176531221922
-4.2938980379853655 0.06140397744076443 7.158646511366054 -0.018609181157494065 1.1209519601863498 0.00031735124390521195
-3.6252381674986274 -0.03531722466851422 3.563842467443758 -0.21622854464514013 0.3275904831692213 -0.0021872686398842532
-4.182378066876879 0.28229066396146973 -9.424021610953904 -0.3164008984406829 0.9409908260600555 -0.0030541287709259382
0.15152616547420447 0.14192981243114838 -4.504705544159807 0.0062560164860402815 1.454538476884073 -7.745915493286678e-05
-4.5712422374605 -0.039121649710355484 1.339808047522665 0.0015858774681653668 -0.8725012170277857 -9.203535395524085e-05
0.9904559702305052 -0.17945673240269605 -0.02553721717141889 -0.12445300292364317 0.07164157958894311 0.0031843972225906706
-1.15304782946906 0.6274563970453332 2.3209719808810463 0.1745079598722004 1.0783140607832717 -0.0022638858842143196
0.4288363527722929 0.20393141780124277 -0.27793059039863605 -0.0702952886591459 0.04353084218970646 0.002680676908433111
1.650497161812628 -0.06194049765942252 0.4517317606709591 0.05354252454054082 -1.2900106332368646 0.002414423653179678
2.973599089692361 -0.06600101880904599 -4.847832578879047 0.1874660124009954 -1.4567516632245567 0.0005524787005509977
5.2531418643748555 -0.049331711844385825 0.2878310591238177 -0.1886245495407227 0.11823328356928278 0.003772203960561948
-3.927726408596734 0.23082990394644237 1.1758916453104742 0.11326517943649371 0.3154660925569049 -0.0020299313997521017
0.8180863251791067 0.0724857295011269 -0.24199832249146958 -0.08020501109493612 0.46107695884724165 0.002763081099450207
-6.586781903950709 0.029991048722344264 1.2805572261059601 0.17215543901631253 0.5656979666227301 -0.0010842447407484355
0.0038015020081432795 0.05179564515431616 3.997746229146948 -0.11853065061918076 -1.42646758985068 0.0016692441459817003
-4.0419576706578475 -0.4189456826982098 3.2673144860544707 -0.13339895980622662 -0.21802485586557901 -0.0007808343272573713
-2.3673580004682337 -0.10724144971165901 -0.5747293294799999 0.01875096274881786 -1.4254785372812526 0.0017580278825004665
0.9737929848009343 0.07765546429556255 -3.5893061687421155 0.16142464211306892 -0.9433042757651472 -0.0010726602181174733
5.353951989121686 -0.11829066616867315 0.5338310323080516 -0.18675482169201887 1.0593127362224255 0.00227688364264266
-1.9977927519123584 -0.15924488994809288 0.42105836409444214 0.170448904800931 0.6788270831263088 -0.0007931762010172449
-0.5973129550941785 0.16556439187610278 0.7463506883954234 0.19876403817120708 -1.2787177277283768 2.2770951204871912e-05
-0.6167373467879169 -0.11555505942342899 -0.7805661081961793 0.2812726342073424 -0.545291543080589 0.001780721227877508
-0.7671057397227088 0.19958714615819773 -4.1599745129866825 -0.33092235997789243 -0.42085440362031645 -0.0005040097368248959
-1.7317992903059318 0.042873289530088086 -1.0311815218109652 -0.13828279261071932 -0.4342594764762492 -0.0004601955847702262
0.9415242013962875 0.11303352897702929 -3.9906607823037827 0.02069224480109614 1.1818587369394766 -0.0006134326272600568
5.727554437101785 0.19707270143022268 0.7802004624478914 -0.2413068120196802 0.835765370456534 0.002439719334563982
-2.25465913341306 0.23475365078413457 0.6797802213186587 0.0963789088250821 -1.2101806859798994 -0.0016118237925149342
3.9259749894307463 -0.045873349951316145 -2.646312402565395 0.044737675574751605 0.27145600610348103 0.0024526170932639845
-1.5182270171721408 0.07612360664007253 3.0695981715522263 0.06735279465565384 -0.017727162880798925 -0.002172999681094389
-1.086231142348976 0.19428562174367034 -3.1844141953832454 0.15486393944762505 -0.8176608441008636 0.0015291460882637495
0.5646198573389245 0.027665337332512245 -2.3268947854643836 0.22264757087912163 -0.05147421759923427 0.00011475958548756435
0.37505163656435275 -0.02527965792002892 0.08051467261241925 0.2690004609569484 1.5704124923387892 0.0004844796203959395
-5.595596892214773 0.07606840100653561 -2.531760100843906 0.04560023534515474 1.0991108797151954 -0.0015859356745470126
-2.051600732069137 -0.05193914892208204 0.47856452171078806 0.20253857109997264 -0.8011888380594289 0.000867502492183494
-1.3573449032609137 0.03598263024533749 -2.274758299678824 0.12860277214078644 0.4303323120340391 -0.0012470454170662932
-1.0089355363015118 0.05541173580806893 -7.567840508828947 -0.10725360432854696 0.25972232235066534 -0.0013195359983473218
0.20974928223868386 -0.19387323517757504 -2.532360009598151 -0.03989334653990844 -0.2861511434995461 0.0001525948912157493
1.0243394212280843 -0.23181684407163464 -1.1300381265659893 -0.1306306815119102 0.8160917063350077 -0.0006756457083826676
1.1789605705947102 -0.08621551044840474 -3.2907863676742095 -0.056856582175718096 -0.17434869179766238 0.0003165706149693943
-0.1742738093057708 -0.06766515188299342 3.0880926657430665 -0.03766531435894085 0.47726766710959795 -0.0022633615621186543
1.2464857660716948 0.12091567088346944 0.9440929829134899 0.0018630108999900701 0.19835607967358757 0.0012989163192238078
0.6280596446557309 0.31569870633022207 -10.369347464018292 0.02056061874771276 -0.7686291195497346 0.002488676663023785
-0.14723551705443422 0.1556382471537742 -1.6088530800744694 0.08947534157627075 -0.0050787034631251055 0.00030737589077954586
-3.8504053122668864 -0.06043720431897535 -1.8490171116230691 -0.009460528221200859 -0.39491939590929787 -0.0023599002363169216
3.386518328835862 0.25688069591984075 -4.136460337998102 -0.22126969847722053 0.472124754253205 0.0007931858069971442
3.7795590545477253 0.03442142215017562 -0.34739989428821877 0.017007619909327792 0.8959788678121117 0.0006873924578434545
1.7511540563194288 0.14596782229947275 1.63213067341225 -0.017831984505784482 -1.1783336547965853 0.0022885976743879403
-0.7650042452368139 -0.06394338423011416 -4.011748228466054 -0.15856417920458912 0.7116122257595979 -0.0014611671739534328
-2.8355381340226615 0.5639454817582815 -0.446220218013377 -0.04409980965994593 -1.3492041877171357 -0.0005076612310335605
-9.687408971927788 -0.08392745789258085 -3.7831549517028207 -0.06533265115457275 0.4161129836933919 -0.0034154845651955023
1.1353042830622682 0.4725540838549467 -8.326610159369745 0.06579974166994253 -1.0511492687877677 0.00026901337539982025
-1.3185067768918188 -0.2611162128860143 3.658275346611698 -0.028654266241162105 -1.442697923692697 -0.0002629812455751215
-2.647366006102376 -0.0988015324469692 -0.26135609223405737 0.04047567008960349 -1.1607299839871665 -0.00024032817459129354
3.446185542940882 0.35431738452904715 -5.877399052682969 -0.055061532608577574 0.04817187313466474 0.0009742030860862579
2.6667396593000032 0.1044064991253524 0.14390133435921681 0.000593480589267923 -1.346269209812477 0.0025707986491752613
-0.7406982667925683 -0.0073918920917818605 -1.7336133557286715 -0.14419770263685028 1.5063608398939852 -1.6312444738632087e-05
-0.7964872211986178 0.02966409671595625 0.10047611678863742 -0.18451241233167642 1.5721136798419417 -0.00045185195156901767
-0.9231815076176293 0.1442559749632939 -3.8486226886065786 -0.1918052083068624 0.5878823685720289 0.00016859060954282722
0.6523504034955554 0.2647864893054419 -0.6403599482493849 0.202186931497645 -1.4483269369910658 0.0013918453096986854
-2.2876911434819593 0.25580698142672303 1.0612447074853257 0.1905787363658016 0.8480202514314682 -0.0034398375416896682
1.4290248251116868 0.3643113838457428 -1.1050881024911803 0.12028644428952327 1.722484517457519 0.00011550947778864187
1.8738329675217087 0.024808062720288442 -0.15004032119312125 -0.09179278888796488 -0.977567388330697 0.0030070173005202804
-1.689611780200692 -0.03726553373921737 -0.4851316787367782 0.11023333497022336 -0.8664369074139208 -0.000715673464340329
2.327146813327595 -0.08810971473706593 -0.5950332989625458 -0.027490440114094926 1.346959367258314 0.002417857006205721
-3.7323662205566492 0.05341793873746371 -0.15905271379105188 0.0016780216995657138 1.378373114351804 -0.0022098044560053555
5.121491040866218 0.08762526953592352 -3.358268574638966 0.28431270753836924 1.208775128831146 0.0010176988199520414
-0.37555089392845786 0.020489128454863472 -1.2182913189599471 0.07980433828141757 -0.33030125100246 -0.0010816437396810408
-6.864405420674983 0.3517738688092196 2.7408979577271104 0.06856382148937681 0.9832206198550923 -0.0021147625901980953
4.840097510375728 -0.034407693700830515 -4.169606327815489 0.016014197436899504 -0.0022039984248073893 0.0040210911304051885
-0.9249459818147814 -0.04709174801613875 -0.28582053012284236 0.028925799917289115 -0.4819601865660434 0.000685989372400678
5.858423547951092 -0.4114613487662959 -1.4649270362160582 -0.3361824548890405 -0.4599549263262058 0.00286661198815281
0.0964491942763105 0.24396326498282853 0.057876365704870945 0.22233088190211028 -1.0664393894275042 -0.0008257880855247551
-1.6702452403769665 0.43804772889029564 -0.19661650032490705 -0.35905881125517325 0.12880279221198238 -0.0003724294499218575
-1.2521778859639836 0.03039127845837278 1.8922458690252364 0.18279299116262676 -0.5578807418419591 0.0007212744568014388
2.3605568067366693 0.27290985642536875 -0.5902017635390914 0.009908814572126654 1.2791364399218246 -0.0010249882654094703
0.18212389223693665 -0.028782711566034187 1.0114069419015015 0.2006499627425651 -0.43016932496707416 0.0017148399191717633
-4.49176783902393 0.4963874506496676 4.993791540950481 -0.21967422538234854 -0.9814084438390427 0.00012430538429296096
-4.7977348526486665 -0.0977447388743079 -2.382629300826707 0.1690559626936962 -0.8565669166127566 -0.0022780114574728052
-5.732653242073245 0.1670071029831629 6.313741129579167 -0.0380368603291498 -1.1435202605961676 -0.0004524947261894069
-5.966657656495289 0.0860188485593097 -4.0423757164484 0.04607890460700218 -0.10356144928715298 0.00038199236934405447
-8.814343241318928 -0.23554478871588502 -2.293449704144674 0.15830465300270452 -0.5593769094461435 -0.001622104354991221
1.2852009550904697 9.434368142595386e-05 8.815204803895613 0.3439197868990349 -0.16505040862061032 0.002286581451182053
-0.22085330294761538 0.10775683103654073 2.286020286754816 0.0028683355197714443 0.37816295240257924 0.00032486378040498277
1.9780595432239378 -0.3641894051311911 2.2915421658150974 -0.00820002620666252 -0.17694622874647137 0.002738049055708391
2.440971729981909 -0.18188277197457936 -1.2960142043168859 0.003991399993665347 -0.5102265515341016 0.0026710117003149636
0.008385672633361846 0.25776132931089846 -4.465711881600476 -0.10577556976371541 0.18906516347668242 -0.0020074718654315583
-1.5555278544234974 -0.11660663297992022 -0.6133613642306452 0.006745576804644189 -0.5337635313174643 -0.0014521423281553324
-6.530951892796304 0.1483076487842194 -3.8700631423010368 0.17576940373763375 -1.0379216558778708 -0.0017479429928475845
-1.5123967169828625 0.25562626774011943 -0.7551130978583345 0.2897913875794571 0.9140524970593052 0.0007994334535537593
-4.796535649948054 -0.4430842845365724 6.446395681908483 0.047040725005065426 0.5913610762803343 -0.0023835521014069477
-9.150686827199316 0.19424370996020415 0.4841875556316606 0.09572249222883929 1.4316341647621282 -0.002426578139987345
-6.272250785502781 -0.21676588612272168 6.476550205292025 -0.023716411002211276 -0.7018998174370322 -0.002019023410283045
1.4513855620797957 0.1497765982955394 -3.2202320706202068 0.14535437157131795 0.5217628603838975 0.00303677294495447
2.5961338836570973 -0.3036025467140208 -2.868783304045222 -0.21862820831090116 1.4285967194220772 0.0019728437597058162
-0.8930622417486689 -0.09354738628236564 -1.1711684073686777 -0.023040687575888445 -0.23964960084271114 -0.003949179260114548
-2.009948476574684 0.16287925289107708 -3.392929880340564 -0.1941960650965226 -0.20816915486457085 -0.002166290175763772
-3.4891615905783997 0.009209641049527394 7.05826427048303 0.03777177568055612 -0.8812704294555143 4.102418310115498e-05
-1.7688435559472866 0.2581626881307278 0.0839196248200573 0.05718952508304723 0.14803712853411324 0.001326939839714246
-2.153539987601398 0.3703418185524182 -3.917905587276549 -0.0983211410394876 0.9236313057634282 -0.0006368894765032798
-1.6976131748308743 -0.2548130361363157 -0.5061802571037923 0.02214734233041819 0.5414689980249425 0.0018137239867370095
-8.095295929136524 -0.08509696120464193 -0.6575184552523617 -0.04535674206801351 -0.7351775609109978 -0.003291966915761306
1.124992600759146 0.11707372079644739 -2.9411903716042276 -0.11991663452843618 0.16319479282078148 0.0032202278813223064
-0.4579859637845753 -0.03545693437007832 2.216824878843675 -0.03923585426902047 -0.8307190405187806 -0.0009945309949839804
-4.164518909849421 0.32464657313339146 -0.09691001057164206 0.05414066587258016 -0.10880787907903423 -0.0010745211581929324
-3.073630306704671 -0.1216459046759491 -2.4369839162918234 0.003672427505261162 0.4409417539395211 -0.0022469199115044166
1.9244112415403023 -0.1564414619657255 1.5069061238130326 -0.056151623822433334 -0.13374132129868774 -0.00017102540630648317
-0.09489696919576653 -0.16416559614567988 0.7015210643606568 0.02464788905222921 -0.9642411150196202 0.0013018678897777154
3.141985946408352 -0.015523076581367692 1.1700821264822914 0.018247666329414058 1.5759785534977644 0.0018515063488028865
2.763810938587779 0.11500451256891736 -4.833363000319873 -0.08650760111305111 0.24694310537980835 0.001971530985623065
-5.709601853374402 0.2297643985567825 -1.0181295310539722 -0.09024290361283667 -0.14586178705658764 -0.002510795002219276
-6.064051526894369 0.1907786660211179 0.08830895008438304 -0.03385620956320538 -0.058221309518684 -0.0028604547531073075
-0.5097266822396245 0.0971816631223551 -2.7417009945389963 -0.0860227645973256 0.578393510497923 0.0026050326199645417
-3.5408819348875165 -0.03587105119095558 -0.28858403125198145 0.3725689249854842 1.0509502046621002 -0.0008652544442553503
2.891860549573273 0.29688253244768525 2.314905267266869 -0.1025934536884301 0.3290214975113737 0.0004816605299754062
-4.283166747794473 -0.10708529996808629 1.8111409481223768 -0.1855763058650844 -0.6666662142852755 -0.003175877838609068
2.9385544691327716 -0.1373994608728035 -0.30717068024436944 -0.37586404152088493 0.9418215315912317 0.00027049247924214136
-0.4089482951172433 0.1562448053447409 -4.323381739214529 0.12195465371849683 -0.3202884604627988 0.00294194174351266
-3.812426887377804 0.08445216109952153 -2.018738217235037 0.21181070119711692 -0.6467337448901401 -0.003157929189731734
4.108732249782139 -0.005014317276025783 3.6186766226170732 0.03636948723024063 0.17970264237241435 0.003750637121020494
-2.12252286525032 -0.016659873713013477 1.9605690998564609 -0.24830661903724058 1.3361837140509623 -0.0013436225360134494
-3.2044148117878004 0.22868753989571688 1.7087122656626046 -0.2530266117435277 1.7398767071888221 -0.0007372724475486292
3.45822213137269 -0.0013758089811840152 -5.7039265383883295 0.17125097352549776 1.4126747071599601 0.001596551026003011
-3.9451469656668583 0.3746308632441715 8.650423978991917 -0.07840350132283984 -1.002888338012065 -0.0031359508750829356
-3.4739362706952464 -0.03783636164495651 -7.969000084754147 -0.2579835578458537 0.3454201520542535 -0.003121374101315829
2.9005688315638563 0.060816959135489596 2.82781138310443 0.10568306497276168 -0.3565380475899357 0.0026498312354739186
-4.794201879810003 0.03129178124198258 -0.521500134823702 -0.20089206700363316 0.07356089142598864 0.001246676282139061
-0.37457179237376825 0.25970443372034696 -0.059368249177970456 -0.22362692249273952 0.12395678484533894 -0.0006941444244876141
-1.6564465235727102 0.1064492927737714 -3.766640370389889 0.15141828080278308 -1.004313191881156 0.0019743231260155314
-1.4399817149685301 -0.16015148894713968 -1.5624100789569788 -0.13722587959778057 1.6665124265020965 0.0014150003437278253
3.0638269675033607 0.005336089619530801 -3.019892147925688 0.10345720121235662 -1.7140670696780897 0.00045863754858320736
-1.9876892328977505 -0.4121221042433778 7.583289194774446 0.07602648293105359 0.9082540321454483 -0.0021491880661698775
0.7769580605237003 0.06906989873274286 -1.0996826813452356 -0.1452681896372871 0.9502214582911556 0.00031518197001904733
-5.007919924180737 0.22325142114546478 -2.2864058697318 0.11184336962106183 0.11247316789066256 -0.0035468824240569635
-1.5562656935311685 0.19698369192745638 5.497812534361298 -0.039551739077074766 1.4573876725157684 -0.0006284976276476912
2.4414412835928343 0.2561950896173251 2.344468151761995 -0.23654274683800475 -0.6155579081602304 -0.0003419674447560703
2.5965726150697783 -0.43216897017218353 1.4279353079470727 -0.06661446240768076 1.5983249183437525 -0.0001660861191308517
-0.07808183851162051 -0.12591736161182396 1.9494153895239437 0.1799911106975032 -0.8481513580210062 0.00073385697504734
-3.7940978494034026 0.11376010041998448 -2.560449630084366 -0.05152877940549874 0.12654370119926064 -0.0016171487679125587
-1.4260501283042837 -0.11320289782839801 -0.9903529719905235 0.17549304248190029 -0.713657444480226 -0.0007407408818985254
7.580579742977677 -0.10945799743244711 2.783250657218926 -0.019571822226076008 1.394214572932969 0.0022108183243030573
2.447234357852517 0.24671378486661 3.5681608572338375 -0.11013486937437068 -0.9797747476410716 0.0010137603722926204
-0.12548515674892716 0.03978414212273217 4.041015559978578 0.06268344916833338 -1.2776065274631252 -0.0007967902768367854
-1.6855043366189042 0.11080577110303748 -1.6275040160302998 0.002991668353983841 1.209135838859896 0.002893870308260549
-3.1792663253096185 -0.1295776631139068 0.08770870703460622 -0.2652073480933821 -0.9313834439536097 -0.0013311095363309356
5.4494420173314335 -0.30793242968892565 -2.239983843461784 0.1280596517523504 1.1545594344718002 0.0014318166048977777
-1.7055028831066081 0.14210482414231124 0.8551512777182134 0.22113617124007273 0.39175045015466786 0.002067946126756401
2.734544159290691 0.04256620352058577 3.1297335874528494 -0.18192259677922304 0.9048684538028925 0.0023353909573839747
-1.6374253033096131 -0.08065649194579556 -1.865821953379703 0.06723590926830778 -0.11478893565336573 0.002342887769618461
2.274424387304835 -0.30364107502364374 -3.952610103369298 0.041801849356928523 -0.4756833432421708 0.002163691093672202
3.8108951997652944 -0.2636975049895905 3.593904723062563 0.0031760184199217454 1.004112767140529 0.0023737152840552565
-6.523072894671568 0.1231132795909671 5.563269595579473 -0.18130201933267356 0.6854005638913158 -0.0021556312539755245
7.869274581619726 -0.026156406484208188 -0.6203836160195394 -0.03099003609007342 0.27939043629253263 0.003543557229578022
-8.618896179183016 0.10084626570086883 2.8718192313742814 0.07401512068219081 0.5746934984600433 -0.0018463253903635483
3.591081645468739 0.29949428988540777 4.512899418123745 -0.11410713460359836 -1.3774766947635826 0.001538698787574332
1.227663217843517 0.02580190688192734 0.816751793196339 0.1391477196540591 -0.1489809570365698 0.003030062133367014
-1.0632370233032669 -0.07554099693118374 -3.9608885201939836 0.00979374895482903 1.4437532967072546 -0.0012976900146395602
0.48513755690208704 -0.023174405443371415 3.223592856898621 0.04231575004470309 -0.07329633267779818 0.0008021729416384919
-0.05029462296011545 0.1931871003163913 3.320633836320226 -0.137256461873211 -0.5703431235171947 0.0006098685487933812
-1.134381453974224 -0.05289520679333192 -0.44415365615392044 0.3615257802091611 -0.07452333970346169 -0.0022971319074595173
2.9338252906966544 0.2917072845186974 5.710653542234277 -0.3592191070489326 0.15448952611849096 0.002284718938397631
-3.4115154071054348 -0.027518588974799897 0.08723914870396451 -0.052224062996265766 0.21914298057784767 -0.00131466190959396
3.165227280376651 0.15376915231331945 -0.9810914682702429 0.059935797001473425 1.1330316365707391 0.00244196812202019
-1.6192262416705474 0.2592360899719054 1.0374401574997072 -0.07508263556325297 -0.022926807781836582 -0.0014430766661198873
-1.371872323997619 0.054714408556373585 -1.8431533600224344 0.097626271175022 -1.4849751338706862 -0.001797944333660264
3.7887977916598805 -0.1893413345152545 -1.4126791681576218 0.05216418957103915 -0.4758016220652354 0.0035423618432913473
3.771322999490522 0.30667079002598346 3.114171514405639 -0.10218784774329312 -0.657683207603397 0.0027550178746275442
2.126897824128121 0.14046951567104843 1.1144225706691497 -0.17648044262308762 1.4557493201207958 -0.001935216077660103
-3.4377695766409393 -0.09384595293186716 0.9846267842566112 -0.022311680468217743 0.8389487223350003 -0.0007920037079314623
1.2830451057470913 0.032129420858351194 -7.095905468945218 -0.10010368787863129 -1.7042206330636815 0.0009217619050428109
1.6802955616328499 0.10256829414293878 -0.7851058532508072 0.13521461040517252 0.4533575600124 0.002329428677304082
-1.2709513938552768 0.14093782539395774 6.834072698605308 -0.17327443156477162 0.003407866452572874 -0.0005866554465330657
-0.988749928897231 0.05791977178814261 2.307992032123899 -0.11877318494891065 -0.8030609284052957 -0.00047141759679245374
-5.774934201512718 -0.08648211290703485 1.008141110721571 -0.20017079685465472 -0.38301467490317337 -0.00363007694244871
1.961709120526697 -0.03644910667456028 5.811959839440206 -0.4196344440448981 0.28712687401482667 0.0017499552855821726
-1.9001024965933517 -0.10586234993924902 -3.6622880650581116 -0.27158480399861334 1.2612083948365818 -0.0011936398859399232
2.354510340387465 0.17561939476593583 1.2772995585618794 0.06514687436286269 1.1384660494514622 0.0018399109631677883
-0.695852585877608 0.11855548499573203 0.46822150236253585 0.06673237663896871 -0.19312987421920588 0.001065822763258441
3.240267712883817 0.22741519624754894 -2.6372780370337825 0.020637050035407174 0.2094881598764942 0.0018904949006496113
-3.885176286507885 -0.15654755448569127 -2.141025614884019 -0.13962219108814602 0.8834735551439958 -0.0031734814430517885
-2.1930343319542773 0.18547791530369642 5.287231919175313 -0.008345155277898095 0.48697293951977233 -0.0006677395426504656
0.8310919117621193 -0.06261452970287389 0.9629891354920577 0.12907791648710074 -0.14673734768456898 -0.0024238867377001394
-2.570746077604811 -0.02908429927689287 -2.9996075689708457 -0.029999101648312394 -0.8903124678406351 0.00018346791287876657
0.27977434104768534 0.08877880096560659 -2.6898647282558326 0.11121762653639006 -1.6093236462801914 0.0016659647070174947
0.9500860061124439 0.0313927563354467 2.179150647581829 -0.01627176452302407 1.4767755250375145 0.0004979446588548058
-2.6145206436918262 -0.07844794164978586 -1.687259202468271 0.06565782352798971 -1.301255631383093 -7.068048960026149e-05
0.1944766548391396 0.10017260495380803 1.2875136074156792 0.04100587285146235 1.0099419582615947 0.0005682860148406007
4.033459206112383 0.11960141529920171 -4.9729913762754885 0.0778816573981871 -1.4624752891317012 0.0009945250941387333
-0.17547494348007803 0.14037321631317906 -2.270215403508726 0.17145850830003478 0.19365838783240055 0.0008846817301388873
0.8190042482273283 -0.0740959616167859 0.49552730205474876 0.13228064181846924 -0.2507167444233491 0.003961481884403138
-0.42505669971987714 0.13817717017842873 -5.994063925203651 0.2083885156432103 -0.5653705819452515 0.0019252555140011282
0.32308301970701114 0.20711503790839755 1.322553321307781 0.09818668704659153 0.5154323374068945 0.0004852249353919047
-2.7124711178275045 -0.24423253158748892 -0.7129975200715747 0.13724213785968664 0.994879018349707 -0.0007734644142207574
-1.6775002980595868 0.1754153628696225 2.6817616401567443 0.0452656683760546 0.05531456745856595 -0.0009465136050126147
-3.5863646870186106 0.29614517211601876 3.7628272950557764 -0.11427577091297816 -0.8107186269428516 -0.0021284812861251737
2.3247417926021487 -0.18606044829199866 4.473103738086758 -0.14589303170347453 1.2705335442194146 0.00015069481993234125
1.3093598800331188 -0.1901934691139429 7.025945885027425 0.09874187553286147 -0.13964665161438758 -0.002892689287653387
-6.934075979668692 0.24960248827494189 1.5457547615023544 -0.07521532056718827 -1.177633355615834 -0.0013336003872799621
-1.0790923772310652 0.10221702524696134 0.5867755347064153 -0.04165753684299002 -0.7645910038247142 0.0022046265333333526
0.9259965914129001 0.03193097368530929 0.542819410040394 0.007656935150691532 -0.2411432850845439 0.0026590773689725684
-5.837291919172621 -0.11402642826401221 -2.5582587323584645 0.0031605404014042274 -1.427245725931885 -0.0015039874027328222
0.6243221075314994 0.08936828298232914 2.111915078783912 -0.12617799453138537 0.5168684848603949 -0.0010204377332252202
-8.831042702203376 -0.03206335689002872 -4.706780933181018 -0.12658222493706472 0.6685427284355304 -0.0037184713907078204
2.1435751003062204 0.2498847492647075 3.195814497755327 -0.23650823868180898 -1.0724415998417627 0.0018225544783404182
2.6456163502498256 -0.15439778941187934 -2.263899125118463 0.002996005196949944 0.04255080539161477 0.0029727991784571266
3.1345451565906437 -0.1650774786877263 0.5364100577394445 0.1277557449195423 -0.7690898014629164 0.0023828187231918502
-1.8741241055843991 -0.06895445223999001 0.7787115559117477 -0.05006871106117208 0.12142544242994034 0.0007410938084679365
1.3565133099090587 0.0012445998764783008 3.5228721774265424 -0.008961729367637353 0.023179944866622233 0.00183447602766454
-1.6483135541513694 0.4447567816014685 1.16761807584256 -0.06567087841440183 0.178567082682374 -0.0015669057550565212
-1.5183675435254909 -0.0029640414457579693 1.6662399406897113 0.006053142795160086 -1.3737365846874798 0.001357517555616703
-5.122701073595797 0.051771221945498436 2.83355618949114 -0.10794113651356808 -0.3729161517705668 0.00023714722265354244
-1.114456501512547 -0.04919900895120886 -4.960092192109511 -0.014659376753319712 1.4971755111773093 0.0012803473467398157
-3.154949809725748 0.07703984066860715 2.919116159369527 0.15240311067780113 0.3002086013583963 -0.0029353955741103026
1.1509477190828048 0.18034154866166552 -5.884436442702099 -0.0692008937474247 -0.3447825166765402 0.002047799420428438
6.292088320620866 0.3531149070105515 -1.8549926335639417 -0.14457020084578265 1.3167814807556006 0.0015452312086842055
-6.607495652780052 0.10941794214603463 8.705997260487592 -0.03524326283301784 0.29847191972380216 -0.0026754825371263133
-3.7925274845888355 0.5180560173172924 -1.3500351875760765 0.37408550645591665 0.5365359807729674 -0.001947773499322932
-2.4273602073730527 0.41001886732029746 1.2158173256989426 0.1564228026698308 -1.328997633336332 -0.002429320706593492
4.226790304692233 0.27575927919153254 0.6372535705233185 -0.22093824107471863 -1.0432826607241081 0.0018733438355713471
-3.7941061354113463 0.07680618870033767 1.7235092677433512 -0.012760646633346412 0.6347591620771408 -0.002569478901727979
-3.9144155606534845 0.014701777831338306 0.10562206547272146 0.10665689530806628 -0.930313165429524 -0.0026702611947557304
-0.5942563430636992 -0.12311866214309274 -5.612415229027235 0.070401303111557 -0.976993368802448 0.0015238315439890418
-5.842625100103222 0.308483875488196 -0.6436644253883487 0.14590393132269208 0.2472385164093819 -0.0025455623057798167
0.34122852447479657 -0.21015695189150477 3.5929066256121236 -0.04820436480822249 -1.4110270496259418 0.0017213656509111619
2.505147463483477 -0.16266475332088282 -2.1287364600321896 0.011281100991579326 -0.6826240798884301 0.0032804354061018617
-0.5425578044796261 -0.0320446611744356 -4.670361510245872 -0.0837395824969498 0.29057049885996306 0.0037013149193034205
2.2789837349018827 0.19040616891065765 -3.0363025639090613 -0.2779246121709327 -0.37233087164033574 -0.00023490974728635782
2.073164578041574 0.047404148329676626 3.6179458973582577 -0.0618829475687583 -0.44091587771409735 0.0030021316097147603
-2.1580264098961903 -0.1823713259770816 -1.580961075181503 0.134230074174837 -0.4957683472512238 -0.0017243005744104266
0.3287518738357366 0.12067901900064228 0.15624314219993993 0.06772410495904427 0.8390176537975228 -0.00022182726827204568
1.2866852505293007 -0.003967967848136047 1.2865476663590674 0.059893011630718807 1.7125779734278936 9.097263148653519e-05
-3.0493142290967072 0.005029346812068293 2.2663102313459307 -0.09385942824380214 -0.254990744148382 -0.0025747925033018063
-1.472022981082128 0.33371442753280345 -1.9079691048534348 -0.07322154750846498 1.5202637011989408 0.0003506073209995394
-7.331233925210816 -0.007769672798030552 -6.407791374836619 -0.09215090080576609 0.7695924142965843 -0.0032915223844468154
-2.4873430826886027 -0.49795253208582413 -6.060551988834954 -0.03140786366467344 1.7125575162502293 -0.0009624700893777767
3.2705083084714226 0.17629156478750474 3.459636625907883 -0.13102611164115818 1.2275745137854592 -0.000598712858695606
-3.7973236083873356 0.15759962021256863 -1.4181304923588796 0.0915425867235543 0.7985560439128137 -0.0018187377042198055
2.350720671090135 0.19818346325853162 -0.2808414745643185 0.5120079901561165 -0.6570125703895615 0.00163188248027937
-5.43877258003747 0.08285483688702949 -3.3197373801621333 0.11288428666645961 -0.3927495555513458 -0.003362081346632405
-2.7627442235308433 -0.07233463134106598 1.2390628162828177 -0.018861919608849746 0.4579466836592953 0.000202348755428875
-0.09884105292741355 0.24405179674990402 2.1111593532428636 -0.014616710054805583 -1.0919347513220607 -0.0006472263702999294
0.6381367056590913 0.268531052534247 -4.004138254051576 -0.12471323327063771 1.4063077687718792 0.0009647426234834418
0.39527260823847465 0.13597860157775443 -2.6822504362862882 -0.13116816480179733 -0.17872855193318637 0.003035308975881045
0.7425482604368435 0.19233470387147333 -3.8800313844983703 0.0718317440630957 -0.6193023941186353 -0.0018948984842025948
-3.054200277827512 0.09471405501189895 -1.9465736520441106 0.1938629590553718 -0.16835576489646528 -0.002527736019605612
0.9244601174528313 0.14002765281687532 0.830320886695044 0.20980746337310915 0.02442765104951559 0.002139494016874623
-2.307504699676254 -0.2210060420880951 -1.283020491595744 0.02320907948816772 -0.4506564087534104 -0.002485586714020819
-1.3397730048942582 0.4518781309687251 -0.3555683340890938 -0.10814581663261114 -1.2311393161488229 -0.0014827897202959114
-4.746957519258915 -0.1544659270747215 -1.0578798268504763 0.04791302726092373 0.8368814002694394 -0.002646850214008854
-3.376976159196756 -0.08505439121246834 1.734263790824135 -0.30871766057389316 1.2094392576992181 -0.0005767510495533573
-1.8812341075168777 -0.13015717029820828 3.5002214941068734 0.2105366508976966 -1.1359474063488595 0.0017338722236461329
-4.841457198398985 -0.02089875212465445 -7.539832666597104 -0.07201646492683186 -0.6181476092835946 -0.00300398642912291
2.73366372432735 -0.01377858826885907 0.7264026184581232 0.301571432199718 0.28850936097556173 0.0014436330596798656
-0.684374344988607 -0.24234781929273358 -0.8436646779701659 0.07716109925000304 -0.4176202023717423 0.0007378310661863987
-6.303234336800828 -0.1846369398122342 -6.000311447568485 0.062155304625658304 -0.1812356458429077 -0.0035741511554625398
3.9750521761746147 -0.05061334184848064 -2.429930940153032 0.14400258146979666 -1.6741477160093705 -0.0007891731573272985
-0.8404727774941095 0.2633615119971072 3.8904850031101272 0.21305810464981756 1.5712218388409793 0.0006090632822689433
1.0005938367225935 -0.09814013013553578 -4.569475760137991 0.05704945054981471 0.6115806761570982 0.0008416138103862651
-1.8487779198044825 -0.02252305299762386 -0.8144266372735043 -0.020460817174118313 0.7923673626658988 0.0008178645155334261
2.1259739782396174 -0.15541058290399598 1.1248630054008197 -0.1484771375009667 1.2212123184467054 0.0011472616697800093
2.5928585454125024 -0.006438382947851927 -2.937514306812993 -0.059569750060065756 -0.7452878680460475 0.0023787626616320616
-2.2190384863539445 0.1119613513575511 1.1508011904552224 -0.08094307201354621 -1.2535200660035175 -0.002121093638374007
4.550229883147659 0.31797943552785174 -5.960305809305986 0.060382959037940546 1.1761831854535982 0.0019901782389905843
2.45021427948469 -0.02078207215189513 4.294142615679094 0.17396886595010477 -0.37077443189295156 0.0006509457931891354
-5.998583903022627 0.040188425201209875 -2.837442300205507 -0.2023697519954796 -1.352882183696602 -0.0011145774466495718
0.4111271341072328 0.058231209221640996 0.7060294712639105 0.06503171171446559 -1.3365143772596884 -4.688909030406245e-05
7.857045945057628 -0.17146832335863907 1.0590983442807786 0.039206847796400594 -0.08394500241618354 0.001506572199392701
3.666229674996938 0.2316624670213305 3.538300707796547 0.2523599941729582 -1.2086849708281127 0.00224831787343595
-1.0637979000903681 0.15479801817036365 1.0205773140186363 0.10920474885702247 0.8137166251743922 0.0021163941419033564
0.010056198644358815 -0.1486271283345067 1.1399929366266814 -0.1018866076341834 1.1962971280879762 0.002241787481026909
-7.712131049192173 0.11906537191024577 3.5616277006450012 -0.056920318994183025 -1.0277543947988097 -0.001731071901799933
-0.625407276791699 -0.05463495931160693 0.5997074441350426 -0.07133475048227449 0.9265433677109428 0.0010725523017502505
-1.0653466658274946 0.11229992451627474 1.1572893703940461 0.04716832008043481 -0.20333112197113423 -0.0019170741228677877
-3.068157504577432 -0.3036987279043686 -4.220325651872378 -0.36658760153321307 1.3962624034693674 -0.0023923035093975867
-4.626674045026316 -0.13787891700265476 0.6235004616855044 -0.21045566706439348 0.970137804190391 -0.0018631066762787223
-0.42165734753754186 -0.07295532345063785 -5.055767932109227 0.010332428870210353 -1.1253125498245131 -0.0002459047711178383
-7.043645806387929 0.4131282028169808 -5.07427803629198 -0.009358140316530572 0.7739532937000394 -0.0014605992731403627
-3.206426437447206 0.23979834925869947 -0.07221206708807226 0.12612957461751462 -0.4686680793982939 -0.003551145344856062
-2.11976839448716 0.0019998710474251054 -5.628001085182305 0.04733189615407179 1.3239043919699356 -0.002228027050935243
-5.063180521000152 -0.15161560815116823 -0.5043564592095682 0.040168591733409933 0.6363602928838792 -0.0014991539812856892
1.8515743632837298 -0.029385361230530045 0.4548681515887601 0.10165339533552345 0.08403307042536849 0.002802014412878374
-5.0813123640864255 -0.07742957759651324 -1.9954462594086066 -0.14554766816990355 1.220046190602486 2.8372557919371986e-05
4.303700555327616 0.002167907814808176 2.1451639725952085 0.16819883057591195 0.2595544055492982 0.0015422585957742322
-2.489515497994604 0.48168907359774793 1.0660202429753953 -0.18645523347304876 0.3709326308369536 -0.0006586549953475765
-3.4936840399381675 0.28242064467498806 -5.254537168511615 -0.034511127317453615 1.3361099537767047 -0.0017690428366437807
-1.254192040413658 0.3610704887440653 1.64544646233048 0.17925208921743926 -0.2508650181700974 -0.0002495783082200923
-2.468588835005142 0.03610465167630422 -1.0006537640875468 -0.031099518341833488 -0.14621296706959688 -0.0024103282425494473
-7.018707149889487 0.02782649431992193 2.5484301700002296 -0.005885619891875912 -0.35266344581630704 -0.0025150810116297256
0.9088131832009525 0.05484526643080301 -1.4091614607238896 -0.13814800406631342 -0.26508597433238756 0.0008701286520487894
-5.3036431251786205 0.29836553473716754 -0.6901319689684847 0.04128861774746895 1.1879201319073667 -0.002888346972601813
-0.10788991070552674 0.19023961522090913 -1.4928793792660495 -0.17266407249879018 1.105136568467193 0.0007058980231033148
-2.2685059614253933 -0.009921642684750081 1.2235113186475879 -0.04741822698701981 0.23647608693124272 0.0007244486246883004
-0.6405362842534986 -0.006443690781201546 1.877231877053068 -0.13228572063026284 0.9890954983177777 9.192564668884379e-05
5.003478342951526 -0.025675967181746227 -0.5003895060228458 0.18916974438304798 -0.731422117715083 0.0025078665081007417
-4.04494042214166 -0.04747492458080153 -0.7068505043715406 -0.2211170256835268 0.04725141258651962 -0.0015699999070564023
-0.6582986164812545 -0.48862869082889565 1.696237858880189 0.14831589285830676 -1.2944477276772934 -0.0016945206655787034
-6.188871991248523 -0.06634301337238079 6.081821495980853 -0.13751789756647884 -0.44502734076261774 -0.001009915373384605
0.7331588609451152 0.1867383546954087 -0.2701796128570071 0.10448252068906246 0.8115566116138984 -0.0008377644302783772
-1.4832779965124356 -0.25830501872490286 -2.439593020375911 0.04411856139962492 1.3910079612400916 -0.00034335053818033057
1.677973104688012 0.13791656017784967 1.9523350206791152 -0.30722811496983216 -1.4175457656642245 0.002061760370963481
-5.816887431276682 0.2949777911487531 4.184127633470981 0.17642244722804415 -1.1861657455315646 -0.002791708526765145
4.995337662955941 0.2610647482751836 -2.3420724590019057 -0.1361376830932857 -0.2707081123157939 0.0036851961804186513
-5.780641660556725 -0.07241349390723736 -1.9015743438377506 0.055150199686711913 1.0746467246895792 -0.0018305684737731274
1.710367451235924 0.014630980409641812 1.3182867086172985 -0.08031297642212522 -0.8193304621911364 -0.0005562874270075876
-0.5331709755042235 -0.03623292625906299 -1.2663216317445134 0.016970916239493112 -1.1155819480672453 -0.000834564929468409
-3.877573600836085 -0.032243778842699015 10.175827071961189 -0.1681669990795232 0.34578689259956175 -0.003532201895468001
-1.7600281810656073 -0.02135309746190513 0.4137366524026953 -0.004863339280168892 1.08853920620167 0.00025285978270615117
2.578798782282921 -0.003893093494074424 -4.75833662644696 -0.16158536564319426 0.21800285223915333 0.0038816091410777244
-0.07110899436095519 0.21153339124398074 1.4169798191350331 -0.06785052749109319 0.560993767282888 0.0009632701715237277
2.202230810751384 0.2712207956375928 1.15796207149396 -0.016000758715182535 1.3660054805210378 0.0023014782414980573
-6.225666171990122 0.0569094403078974 3.56488561847778 -0.15637697777957488 -0.09980093667481227 -0.0037145783740791085
-4.842724595197455 -0.08598790985058805 5.036617111029032 -0.0208940113231599 0.18638454260091872 -0.0029301193853762636
3.380994118062554 -0.38778793307718423 -0.056231836302887014 0.0057744975421721014 -0.7044529131598415 0.0008700663125297681
-1.4751788424396393 -0.26423380366292265 -3.3931398459008983 0.17151800862932248 1.1224450072158076 -0.001247470547788682
0.16239858294272427 0.3453177175261175 -6.722606778461817 0.4044479508326594 -1.3368115426895102 0.00151761338518616
-1.0681679090875722 0.2709892442321225 4.404841554182466 0.3518175410716517 -0.9271985612560526 -0.0008264074548006715
-6.081989426992744 -0.22478852290117549 -3.839109234361677 0.015629322082539004 1.0082821286372792 -0.001527169916921997
3.883532233555421 0.2289837962639294 1.1608652544909857 -0.30182370223942717 -1.2633162132520224 0.0017501667987296651
-2.1311511538557775 0.12197001221659594 -0.3578406762179991 0.0956726503998501 0.8814714807698569 0.0008168420658564505
3.7696557228613776 0.29901781045539255 2.4324093706412144 0.026665820674941346 -0.3963425964665574 0.0021967731704725857
0.9349846845489703 -0.04266629280776694 1.3277867203269846 -0.2690510010605305 -0.9213490207697375 0.0015818832987669488
-5.267059430041133 -0.16998382190412145 -1.6305990580891503 0.03417803281577738 1.3488706144247662 -0.001657435882699797
0.7475220266902863 0.21079054243064982 -3.1953322245745426 -0.010465106877610443 1.000658956146945 0.0019928859002407476
0.7055547402145443 0.09673031688468385 0.43037400226991757 -0.08661955502322292 0.9589459906441294 0.003228032373521931
0.5115704546619516 -0.03913470080979936 -1.0629963304463022 0.15513588342994047 -0.19437932286203025 0.0035921391388236508
-0.8883266383197869 -0.11992303914340294 -1.6331875247616918 0.09034563810653594 1.2138991230119578 -0.0010531276986933593
0.3996183280733843 0.04496776605344326 -2.4410308039102993 0.054198883000148385 0.6772774030464662 -0.0006833794249394723
2.288834507173862 0.08131632722621542 2.398445877715833 0.10934359152309606 -1.513210636105247 0.001202267204377438
0.7996160730514186 0.029732908300826977 0.3888951784298012 -0.12322360271678046 -0.3547659812252154 0.0026018285091091863
-4.2780643150637765 0.1517623861577312 1.4384165156688982 -0.10655862217679113 -0.973294008481588 0.00048067129459750465
3.9205645723335585 0.21155969950446654 2.108367540513824 -0.12727016611763053 -0.3081804258606517 0.00175298274319945
3.075207679021423 -0.007723828779451133 -11.537870333102449 0.12697821952541197 0.46687401963738784 0.000544524339214998
-3.625270432106453 0.1676328668541861 -1.9655439272098356 0.035599314333121454 -1.263938655804469 -0.002199648614507644
-3.2016788517272063 0.3057096451348564 -5.1013559648864275 -0.18014215693373986 1.2045122437287916 -0.0025986351952094738
2.6302798591105017 0.04304040388935799 -1.6868216380877432 -0.04597649688314142 -0.07665440120796445 0.0016131270949302926
-2.158080503291676 -0.3692422585696395 5.475859692974382 0.2627100233541343 1.7556585235535558 0.0002578161064775526
0.19720477512606954 -0.05380301849154011 -3.325565765683024 -0.1351419853730471 0.10982399287797066 0.003843349110688109
-0.938584552875844 -0.28616274390412083 1.4463750180377821 -0.01409809788973639 -1.7377676685445227 0.00033204417057057636
-4.943381794670604 0.5215954342102007 -1.9702516988667254 0.14670700801085965 -0.5435007122679759 -0.00362947597037234
-1.2300251017414416 0.4548885099183099 -3.4262113630562365 0.1608903945501336 -0.7516858974074071 -0.0034576403939908565
-7.577590181558123 0.014831956466497535 6.348248421458005 -0.2047358411682046 1.169500669550628 -0.0020941494682666043
-3.3615514336590713 0.07454920963168515 -0.581956507651068 -0.29002734634700733 0.2346734794485517 0.0009268807039511881
-3.920220855230594 0.3041862155035504 -0.4901543035418496 -0.007560319780341336 -1.0194497548914085 -0.00026267249544061554
-1.4696001392745388 -0.037362136682935046 2.5823760805681824 -0.003517619736936663 1.4063849250202873 -0.0022619607923284476
1.92128442382485 -0.09591444209218364 -3.179297740398326 0.05353201050285623 1.0351504937204932 0.0021114046111907906
-1.4877002145114977 0.12565716510834696 -1.9423976853827691 -0.2811844096988586 1.5361336795888385 -0.0008168494545518407
0.7157113498815211 0.10183025921213223 4.291492058057221 0.0071798596049473355 -0.8573543335781948 -0.0007616252750690236
-4.266812704518484 0.0304310804285318 -4.192133785403319 0.03435917815078357 1.1809330234019144 5.2236200574002515e-05
-2.456659858902546 0.3973490216252463 -0.5954597630160497 -0.13454704613511442 -0.8111972942500913 0.0009472423822257179
-2.1823515096351405 0.031356543524726326 2.464410427594921 -0.23376050476473842 1.5839645044117399 0.001092056578074472
0.44699514261995255 -0.3841986873979734 -2.7683754697525913 -0.021810116280376327 0.9562241223728092 0.0002538146378016125
-3.4376057734771055 0.10424899581847778 -3.0706179661078936 0.08681503566682043 0.14647026695893153 -0.0006440560248066198
-4.682018350149535 -0.01428928127794177 5.807018800627978 0.11136160935519736 0.2813018023594333 -0.000799754321723325
-0.34320710069916743 0.13710524959593548 -3.139326476802174 -0.16825761539406064 0.14135722232244932 0.0012570779351494701
0.6914405810057066 0.25587461990501104 -0.5915797758759158 0.20709435315383742 -0.10204353064589376 0.0013115013775129459
-4.1156653791902205 -0.021259123922534866 -3.018859755800208 0.0017842421822089876 -0.4183084315650544 -0.0011471879833237142
-1.9787668555594253 0.06924523695460566 -0.6942869004091635 0.13969890725802783 -0.3628762709882451 -0.0025895626567502277
1.3776433375890933 0.1281061911590554 -2.912218261035675 -0.15897285636875694 0.6402512566784055 -0.0014063035432831368
2.9024136706360437 0.10736032934009244 0.9132707088638076 0.02615725790164185 -1.3115869738075863 0.0016792978823678066
-1.4507565570432068 -0.18727990780356885 1.1627452427721272 -0.05382862006484424 1.3139124695723623 0.0018210362600793546
2.6279898400344908 0.061545459333733 0.306065658367218 0.07907732312234356 0.4224924869187613 0.003502316210986697
-3.522931171704047 -0.02124868723330862 3.8389483483005016 -0.15386833194415975 1.0386501225387061 -0.0023446147784872327
2.2111106674458845 0.31436480213827295 -1.0921667667439126 -0.01718955057831101 -1.0608159690358812 -0.0017961351391981987
-0.7925099006986027 0.12593595678807626 -0.9257220552433085 0.02730833042379222 -1.0492652883671647 -0.002704201583345755
2.0037687621930416 -0.011000982643973978 -4.020386602840454 0.10827993005151601 0.9820821825196512 0.001034606608146414
-1.5425328326370964 0.18251097512153924 1.397438702783294 0.013322063339148586 0.7146733194948399 -0.00022063235321140732
-0.698469764562237 -0.07098165032091192 2.1800494762759626 0.08157298429201316 -0.3287160499761055 -0.00014717758714222364
-5.1134068062359255 -0.031663301149785515 0.6018742961364143 -0.08292970822148185 0.28576407062793513 -7.385260777341899e-05
2.254401829057117 0.34992892951579124 -1.1642762555743298 -0.12706147922966937 -1.529820586510254 0.0015428281229544196
0.543446267354029 -0.13746053142449585 -3.1884709840696903 0.05658849548505075 -0.8228171187851989 0.001667457308619867
-0.28661942784084316 -0.15271228778206844 -0.5472067412483982 0.08330944769104848 -0.1552734401708863 -0.0014208053778649531
-0.9521876307262748 0.14146817382586493 -0.22387467584215975 0.12981411960219336 -0.5283586045992045 -0.0005776370122392777
-0.18309844373784945 0.36869990207912906 -1.3860279639377364 0.12154763397593459 -0.742004064053381 -0.0018278516377990641
-3.3715429374110983 0.09692809117646548 1.1924312196138196 -0.02777580531655208 -0.219496728606493 0.0028169525497854946
0.0762349383095452 -0.14661516101479802 -2.4920121202265046 0.16003882368722858 0.459272705301005 0.003623006117685809
-1.7242202067285748 0.07064370524938803 -0.2115119950949308 0.020812226880034545 0.5978474329267859 -0.0028233834462908594
-6.996729105818543 -0.31575517479521203 -1.096360431569862 0.21122494785001508 -0.02384674312385554 -0.0016420784494419892
-1.584209076505022 0.09674427105325083 -2.975014444263505 0.05202838098611587 0.5933419288905115 -0.0021789354767923143
3.2306796499140087 0.3123562076585755 1.2512676772558557 0.08561403066752377 -0.48685563728788916 -0.0016902910826933166
0.4415950011401301 0.2245415143631333 -2.8353297662864123 -0.14231340020286737 1.7010506059944224 -0.00042832747605323117
3.522966495547863 0.3898373529016831 4.639948956675914 0.2526587005093995 -0.06885386065894518 0.003743934651489022
-0.3186250721918414 -0.021258286272536137 0.538178837703291 0.2223382199235323 -0.5999599992833476 -0.0036243950182071752
0.35493592887913084 -0.06192254240025165 3.0230092126901704 0.23376532327689695 -0.82971651004717 -0.0006902859760166763
-0.29071906233776323 0.07197273226692709 -1.4827364464537256 0.024349106921847524 0.24169704361506833 0.0013802159122919347
-1.5840672718724076 -0.04371816339704358 2.5551907364717774 0.04891162853171 -0.47754283397002495 0.0018527583984108394
-3.5564065620170733 0.027255850734026144 -1.3092678514387575 -0.09654383338203201 0.5252268318636507 -0.0013401024734407475
-1.5521942759681853 -0.09803791697725883 0.3750849076707876 -0.10102931302926862 0.9376077034111652 0.0002589700756289916
-1.2021679602415332 0.6680570024826072 -0.40572232033092215 -0.23533069948300517 0.18463832738860259 -0.0030346635799917256
-5.7719101733540255 -0.04559965418539447 -4.407105225118009 -0.16927008147178574 0.31149920094947314 -0.003585624164546572
2.9345735806272426 0.06896696198112527 3.801182227897088 -0.10605409091648538 -1.5046086700061663 0.0011769338909567377
-6.203490543484268 0.033847570999993144 6.830063247505898 -0.17639454637017893 -0.9717709394309687 -0.002179592203668152
-7.592434989418059 0.36602912347425787 -7.7073898668005105 0.17359746695055378 0.27707188061983357 -0.0029458962055867407
-0.13553403019728355 -0.165002780449983 -3.086646675767874 -0.024375517138954604 -0.510106420355669 0.0013573122550304777
-4.278969652473785 0.005729142628560381 2.0706585431775113 -0.08425526228888999 -0.9697783498926018 -0.0019163509234170766
1.7833258065696922 -0.1160212457747888 2.2605718552116767 -0.19224642071507156 0.06496702375777859 0.0017108437943710508
2.6096486963193537 -0.1172460912563279 -9.094393866103587 -0.023111830631837155 -0.42502557705976324 0.0030976026849330865
2.8590962698914173 -0.3704276735390985 -2.2309535138860443 0.020168112524506843 -0.25425337759625655 0.0020124935124205207
1.711491971863269 -0.2300015705855017 6.553646065245742 0.15358974657232471 -0.5215456880321445 0.0009098899823277421
-0.9097585146933954 0.12241438834956588 5.222356229020139 0.22159523367011086 -1.0694144716972953 -0.001816925978877496
0.13408468239981378 0.17242533909888064 -7.1283524958845215 0.08685241526999217 -1.203713802400373 0.0017318515133792705
-5.661439741321637 0.517536479202312 -1.3189569573257285 -0.16574421967280784 0.6032659397094636 -0.002954974633058599
-2.019830487302124 -0.25131856841135036 -2.8416554658668365 -0.13466480838200243 0.9887949493670851 -0.0011714200225269452
-2.9432507930240828 0.19743087316567856 2.92194641444975 0.13515585804738042 0.35594901724854366 0.0037716849510001575
6.963180903119438 0.2644504166188206 -2.789659963885791 -0.15838224483716903 -0.49187524917309566 0.0026122755531951805
-3.922420589557778 0.06127111639020068 -4.076714968295765 -0.2078942053870266 0.5005432573463812 0.0008521042009640677
3.088658980038364 0.10722653186047289 -7.04235628931586 -0.16250627814673932 -1.0891389501031097 0.0020682335355409888
0.2849707125341936 0.11341891824125583 0.19448116179834932 -0.0256789879638361 -0.5041365929719822 -0.00012559194433003494
-1.1474560252980646 0.0065169805052160594 -0.6037328872338935 -0.09793966650803353 0.42339174100524857 -0.0022965549410399423
1.6987543968297942 0.04318990442303108 0.5396338341037858 -0.04896555568924188 1.419297294269035 0.002252709931245219
1.994079758835632 -0.4331854784666259 -2.727820197506686 0.12428740667316224 -1.5899648967074238 0.0010158545864738231
5.096836211470479 0.07811758064064038 0.27168461289104967 -0.18253023337775873 -0.06287747704348169 0.0016918511137538643
-0.3881832662007451 -0.31566070670422774 -3.734521061934632 0.05918705574196594 -0.40962663609638583 0.0008687498606318696
6.799364435346302 -0.08488739100073832 1.871530609329941 -0.12888232849011133 0.27591967448133764 0.003397765430326128
0.40261333191053655 -0.2769416473256648 2.7602043729623382 0.026760748862149648 0.15129263137404328 0.0006703489633439108
-3.5105090807861306 0.2836776095159199 -0.5240657002553675 -0.09880261964166559 1.3247548687178312 -0.0003474240799891657
-0.4752235019650945 0.2462839672758816 0.8126315174706394 0.09054030146135195 1.525076877453108 -0.00043977481199560225
4.724975117670862 -0.18935025189697036 -9.331758734315548 0.04505310888258249 0.2588595177708543 0.0035970566494790564
-2.6741608562521906 -0.3047004017697402 4.078278735030498 -0.17517623724692638 0.17049406104854628 -0.002764711189596925
-0.4525403901358291 -0.10761534246849903 -1.416811531281589 0.25004397565899195 1.633335600359025 0.0002085503351599036
-2.150750894142077 0.029455399557874285 0.642959286017069 0.2668789692652926 -0.13688051357845352 -0.00025985973906687756
4.359319784849961 0.1921961427489642 -2.834721014031122 0.015923777290586947 1.6644586016252638 0.00023457899852037583
1.719153471368614 0.057722589117449596 -1.1717375698723946 0.1359612278200488 0.26194248665573994 -0.0003379220596130156
4.362396018182751 -0.20573100684412804 -1.441683111214427 0.1530479869815842 1.5918159937084952 0.00011427429188461027
-0.6153395569887816 0.28411375176894155 -2.4805719930116688 0.19415230593930363 -0.40947534612934533 0.0012991707628364217
-0.8295389275217567 0.10106955585619332 4.242016497065753 -0.008260134295253251 0.9461276604571853 0.0034006551355518157
-8.294015245392579 0.10141622236717658 -4.215500874444121 0.05857983852236535 -0.3723371716588023 -0.0021942234917950547
-2.672015971870608 0.3328486352450521 3.550028003513345 0.03995751451168264 0.4026048117787563 0.000534710128148259
1.996656876767634 0.17493165049337503 4.457930754842091 -0.14474762164382954 -1.3080507392216478 0.0004624272817805701
1.170877104372704 -0.10665270598467141 -2.323728425349682 0.3342967837678056 -0.2511810428599941 -0.00020691345638623306
-6.917857051472917 0.3304992747352063 0.8657937066220462 0.343870472217116 0.2482319566771509 -0.00380661338766344
1.4639452745483466 0.1722260209718348 -3.502257200147655 -0.14574487731073382 -0.5924156981102743 0.002404093253839712
-3.266449437351218 -0.01077440762456399 -1.059633559675206 0.1965987831481121 0.3339153622074821 -0.0016351364187609423
0.7481992310285182 -0.19173373321492748 -1.006861470934457 0.11892448507560435 -0.003510783498272909 -0.001813995421983727
3.071055972835532 0.010607058112245597 -3.2870365428986648 -0.11592323372401422 0.010733975944288758 0.0021241614874799425
-6.004069828272357 -0.08229247771381976 -1.393385813237605 -0.0368255504730327 0.6574637181654144 -0.0003345780866419176
-0.5482043563877865 -0.3471578346322015 1.9680286560622455 -0.13969912903714207 1.6876557292944738 0.0007936555754364533
-3.6462957827124973 -0.0338021216742073 1.8935143649283903 -0.0887559389933621 1.2630156379553994 -0.0005917178259130788
5.521120963180157 0.02222782991980859 -4.181213170425375 0.20049102550798692 0.39498084509351566 0.0004011463813637976
-7.0454568558852415 0.13922062262148072 1.990568146012775 -0.02427675036376671 0.6060796331268538 -0.0030960500944251265
-1.4372923041074415 -0.06884178677932326 -4.181883000708931 -0.24287052867074374 1.4717664738392975 -0.0017434345153222476
-6.8176603118486065 0.42304003082986785 -1.1761802707634943 -0.3046666130001579 -0.15779030328241134 -0.0035305801009798167
1.480255117110446 -0.306533193731085 -0.848797214997994 -0.18045819892908804 -0.04918177773934992 0.0003462728708503439
-0.639815134997104 -0.0036019566655429974 2.9411993898872417 -0.23763642330033913 0.6968009581008363 0.0021059899889311015
-0.4537268690177332 -0.2465261184111477 -3.070895355376658 0.10336673340039287 1.7323070838811514 -0.0005346033085191996
4.342570552004051 0.5416167399326113 0.753699211585067 0.006884976145783615 -0.14368318048112666 0.0028992226649390733
-3.8573346790582934 -0.06873227405214245 0.7041941426510864 0.1487286999403907 0.055307465142699776 0.0005278016268446293
-2.803270311872534 -0.5416601579387251 -3.213258434786685 0.05395344293658508 -1.055988919951789 -0.0030523974639622476
-7.414975862872389 0.2618618961052924 1.1527964347752717 0.11441403738035485 -0.23294194833267942 -0.0036289060368866356
-1.8993239093909229 0.34581781605297796 5.692142355755826 0.15146559082927505 -0.24480835707408796 -0.0010640785628021267
-4.25645681375712 -0.03791065529329886 0.7796894049147167 0.021046031996804118 -1.1777093264829679 -9.685645614779179e-05
5.073229605524255 -0.09760201661754492 0.37062841004236147 0.1383397826086455 0.3196353434811331 0.0029415894473653202
-7.574835470484015 0.13742265648439317 2.283985364932532 0.2246525733330595 -0.15773389217237035 -0.0038531594275653088
5.288605603479487 0.06156418959025166 -0.4316895496821219 -0.052664983930594385 -0.9474733148945639 0.002747742458483533
-3.9783823955899904 -0.008180277050510276 -3.3013509924564617 -0.006333059227436289 0.23058224716830863 -0.0014681850970433977
-0.32693472095833304 0.2426479550328197 -5.215654657894783 0.16096150548040955 0.9301503877781623 0.002026583540734207
