0.9865744887295317 0.07270675496913451 4.797255787148867 0.029912359449835058 -0.314091727599829 0.0010125826082310048
2.5859168606565786 0.08135643839181804 5.186854249451078 0.04967184901503354 0.7968106024977997 0.0006682475296343436
-7.754352675030662 -0.5245242473680565 3.6819921152777013 0.1649815685246746 -1.080626502100614 -0.0009366026287022013
1.8359725455370501 0.02879999709322943 0.40912965463648276 0.09301452603195712 1.0444800619525652 -8.49050506619111e-05
-0.5593894117999398 0.34039372602883555 0.010382626299474723 0.1389361929297496 -0.23929657146103223 -0.00171168434697345
6.269977441836249 0.31319050723459596 -1.8460854612135174 0.02872528874741695 -0.6651864954039005 0.0020313038753262485
2.0708193269674697 0.18988876167077803 -5.283152354036118 0.09202742731219954 -1.0728367289720613 0.0005228047481333777
0.47894123504597363 0.06501956379094374 4.87397177668931 0.12353198669969696 0.6865422373923982 -0.0019572046401334395
0.4556693196649552 -0.1151107465690775 0.8121035846701454 -0.02933685772479287 0.302744888109097 -0.0016068472835643775
-0.8781631272988419 -0.1588661218134116 0.1452192409811126 0.27313034486865395 0.20234277951761423 -0.0009406328220575046
3.24978245971942 0.05931544589468296 2.7496641861847566 -0.03293277252518551 0.32717847695114616 0.002417038312417121
-0.26417165905472995 0.131252154823652 1.9815837187850054 -0.04608482382586639 0.43967001946546347 -0.0007433636298167576
-4.0141473019630975 0.5462148241212863 -3.655403065159525 0.08112171444173628 0.9100949216020539 -4.3452993672862224e-05
-6.164781829434637 0.0808772372328713 -1.3504419410619377 0.030011403299817038 -0.9382636377829756 -0.0021671060041875854
-2.5915787235571077 -0.1845581509902551 -0.8407761016735414 -0.0010085820968646284 -1.648856553903271 -0.0007997163654659945
0.7922343818615781 0.18208888704260878 1.234783859228375 0.014951285270844519 -0.0020320670209660018 -0.00019211678961351687
3.9825463290524286 0.2352261475980202 -1.5421726878266449 0.2533085775638484 -0.490734909802463 0.00016425204615765724
-3.777558245677877 0.1053970058587927 0.15785519975213308 -0.09833510068577495 0.0956734211268825 -0.0018602870202589009
0.21007338643906637 0.148893727531983 0.1943807274273178 -0.04253498218275155 -1.4566821530102474 -0.0017535457549480594
3.745504206558883 -0.13656064672465124 4.177810579148641 0.10779566515220806 0.35691556047328793 0.0007479527150806067
-4.036658841116462 -0.1506808059076399 -4.058166438787796 0.17504546811109936 0.5618583384111782 -0.00027832231022165924
-1.8231219614749008 -0.13398967358207495 1.5983952801501184 -0.07238432500047852 -1.332680068445544 -0.0013287728992599868
-2.915076778035624 0.2737331674357474 0.5374039251731358 -0.14810707723770733 0.47212668607410085 -0.0009924670602542885
5.549283846232008 0.08245387978315824 -0.9609448961716409 0.05927219996631682 0.3185488680384169 0.0017070618633276305
0.8968231646821412 0.09258308565858857 0.33044011854502797 0.16861974851584116 1.874218229319478 0.00013632211086219825
-1.0841577222309888 -0.16839426057420856 -0.2971396158909123 0.2428410793531407 -0.08226963593099729 0.000752255187584903
-4.854761784201105 -0.31024056442081205 -4.983806322192028 0.04356106516763932 -1.0541789354773268 -0.002596064366568738
1.6811295358207918 0.3507040971252472 -8.61884407316365 -0.03484217314450351 0.38763146461153436 0.0007279104877276596
-4.0069474707852955 0.3490481205817513 1.6024807348786465 -0.1103056106658422 0.6705500194287228 0.0005730917263507457
0.030065546117284767 -0.1693041743440372 4.233356734699487 -0.013823931491161357 -0.6893421841582054 -0.0021599032618501066
2.9259828488197006 0.02842623581308476 0.26809838364280125 -0.020201445794857168 -0.5991701256099985 0.002360913070324109
-5.38498503376993 -0.12490476848436052 1.840081851722602 -0.06602391125873432 0.08258663554344037 4.816898818139252e-05
-0.1495378134377136 -0.14934106013802015 0.49108119701597786 -0.06250922113634834 -1.0635859661840192 -0.001752405368135851
1.330426458422815 0.3373233176998607 3.3947588755369096 0.17182396846983125 -0.5140648132997744 3.3149334671770844e-05
-2.182264002804487 0.1613789457249746 -2.9158935539657604 -0.16541047281514 0.36676668572852017 9.70586696003067e-05
-1.7865154927281615 0.378779038522295 -2.2364734583467896 -0.07697780778736267 0.6157668195501174 -0.0031704040587564437
-2.4011481052513477 -0.24624701562037452 -6.781189425590237 0.0972027058760549 1.6591931428963935 -0.001901105094308882
-2.8776054934085598 0.09465506050436268 -0.030095028474501614 0.11296858962463804 -0.27133535355234956 0.0006571133276254387
1.7356766902732563 0.1426901853369336 3.1458372806240247 0.14630682915945603 -0.8280629940777179 0.0016088415734365087
2.8315276396912576 0.37297523675587746 -0.5789838820818018 0.12360454806766111 0.09830228376847087 0.004285827309235761
-5.1589301548463435 0.12581870159922579 -3.765470735780756 -0.14976670003922657 0.17758220616543738 -0.0030510511384987046
0.15389669186124402 0.24800644658887608 -9.712279307827506 -0.0951246581389971 1.6849405228254368 0.0013114734780339434
-1.6352919786885942 0.1207359128459201 2.950139932227927 -0.12739994553887243 0.04927290235225891 -0.0008163361900051648
5.277691493455596 -0.08042623102014454 2.5014308388497564 0.14543376234692837 -0.8626175044414164 0.0031622214099505724
4.981505007496309 0.4443959640650806 3.023807583213114 -0.16338429835935578 -0.7727531720223823 0.0027404585250909246
-4.759426526210576 -0.1165744491506951 -0.5231153211539742 -0.11786214621528797 0.6358058821027726 -0.0017108972856166294
2.092984074780107 -0.049062972661999465 -1.840152308889278 0.08655714927648972 1.7142970360873593 0.0001682076704832494
0.11746095715132418 0.1103910978659903 2.0781267868569855 0.1268988080556536 0.3441618561576084 0.00020484964503709435
5.389455624753787 0.5680822389254109 0.5827011652560588 0.046152636566300136 0.3844826816583172 0.001850874309246644
-3.5012690063230614 -0.17217756674282875 3.48262426181081 -0.022693076389070768 -1.4408410185825593 -0.0015847356001397492
-6.618609331396243 -0.2557277536042328 -3.5289126635722186 -0.10003087530001803 -1.1674527750470591 -0.0019754736909669457
-0.27190665586522444 -0.23205941695244856 5.209168114972215 -0.2712527798198316 0.16665822491586496 -0.001147066437004751
0.6047975254072162 0.22573953217262865 -3.293338330880434 0.1968367855551535 -0.09468224296585995 0.002342293150669641
-3.5558053628158004 0.22518789704695272 -0.19546380453980275 0.011481507317937087 -0.3444395050516712 -0.0026553894298906987
-1.377456282534321 0.22763396871181057 4.463270896266571 -0.008723090140788724 0.6928423260252653 0.00011266665640961512
3.299094175877892 -0.1161429800414541 3.2675034592139665 -0.11615849441118033 -3.9719227204254155 0.001968020075417898
-4.759331887036868 0.1246663867199029 -3.561642908443935 0.15303772632850343 -0.6566728615852105 -0.0033670406683918986
-2.512711269771873 0.18349471237728626 -0.12968756875839194 0.09425902618002974 0.20809367201276308 -0.0014119456033394428
3.7396315468708274 0.005741868687672077 1.629039485285963 -0.19371039632218034 1.0188616355045772 0.0010378516898928744
-5.551246147013937 -0.06842970918355525 3.433664985004663 0.18247254285971562 -0.022445579740293858 -0.0008983832588791687
5.057124606500885 0.2104422388712769 2.631101802124041 0.024139718866425457 0.09142574804148774 0.0010959473720396193
0.2913392588134026 0.16400969015039785 -1.5359449569459998 -0.12747654576917655 -1.0813864698709987 -0.0012893346738850886
6.224097467796515 -0.16130453300077355 5.331959781080851 0.08770727478714539 -0.3152738246974658 0.0018572951368526383
2.9880044592583612 0.19788427386567964 3.141544757793892 -0.050273362089192926 -0.043938555242176304 0.002686084418761116
4.608268005663963 -0.16390611780666686 3.8461293255182727 0.020447940623570273 -0.6537242576582091 0.0008225116739509253
1.384367403852599 -0.03919601480373561 -6.735253908107206 -0.11468831531436736 0.4217491631201691 -0.0006463203831819633
0.9331513406821716 -0.15464319474211322 -3.356935166105606 0.31802772857830686 -0.7777280493734425 0.0019943739565544214
-1.3521846468304317 -0.1997924313692474 -1.4787690514357699 0.0710584075960741 0.5110672779522079 -0.002272240508637936
-0.41113776570395766 0.34096748584067293 -2.6061189906359963 0.022330746454760127 0.7789715491700677 0.00026066021678736076
-2.425732935525885 0.1420982348389704 8.693577710025638 -0.3698116584117832 -0.5369355959926869 0.0009956648819001348
0.42327935443096754 0.07861221503195123 1.2054672544860403 -0.2675190534421451 -0.9565605278003265 0.00032687473552546145
2.174265323123342 0.45307235716479927 7.063314343917746 -0.05004787549582631 -0.19347208645340513 0.0005750579731706129
-4.132332461953845 -0.18601599062138183 0.177916803671923 -0.17399777933036367 0.5781561502536249 -0.003049797983050088
-3.4840091218916327 0.26378925818650795 0.3503236615599334 0.06508732275947675 0.83664285047416 -0.00010587039357434038
-2.3900612024301364 0.24663482956893748 -1.1939687121333433 -0.2767183884259315 -0.2896837682521357 0.0025264578338782587
1.2132416969236965 0.2086147136643522 2.0076361645128395 0.005048593444887858 0.028457075127619393 0.0011096918914720014
-4.239231832636549 0.05563430314409332 -1.4640272056719061 0.08446989421689052 -1.2875383145061783 -0.0026256770203654666
-4.417025164785971 0.18592114690785014 1.628912274476836 -9.68818745790122e-05 1.6794367939307489 0.00040491202715261273
2.9315928505005524 0.19657843420942012 -1.4512965667021713 -0.01987819253044818 0.48988122262043726 0.0025986526674422507
-0.2577122698822411 0.5246971484372706 0.8843770695171754 -0.06684240915523165 0.9351283238912831 -0.001521498731823662
-0.24987326737347657 0.02995600759958095 -1.4308643759083541 -0.2908450301930042 -0.007825036430403833 -0.0003615058705166015
-0.07634347460341775 0.11217589537119028 -0.21042678666659234 -0.13943527241976575 0.39993868893987244 0.0027683228390476197
-3.449380026004375 0.07266412033946588 0.41501387075324875 0.27505962305389065 -0.3629263849855765 0.0006111183886547721
-5.0492862142903405 -0.2808475837717057 -3.2273878242887237 -0.21066955226618214 -0.8555879868056377 -0.0020979011858149065
0.22004694440122238 0.05165047093916115 0.2736825610344549 0.14612456074173394 -1.2621119392960745 -0.0014654854121249883
-5.659669718258838 0.12867100689716307 1.8895788937947915 -0.015909807044721818 -0.6535127281838412 -0.0033035016925428255
-1.0017854169283802 -0.06182784326566096 -0.5591698401926571 -0.011791578010757423 0.2185731176759251 0.0007649962965114804
2.8205131568018276 0.23454143909955857 2.4266189788160304 0.021788592324389452 -0.03800172403150207 0.0011723816247411066
3.0749783082206874 -0.2613170950137551 5.3331885505773435 -0.10312364640028818 0.42852025100662355 0.0038420322395350767
-7.939666301467644 -0.04952136138944802 1.2231136428677893 0.022054032677027605 -0.21431672704966706 -0.002260396047863859
0.4138859067549282 0.13977721174130944 2.831298817046219 0.004350194469641059 -0.47286753581653546 0.0008029906638294076
-3.404514810845812 0.02286709441774687 -2.0910082168946094 -0.10698267924743018 1.7968850735029702 -0.002228874769541275
5.7422030437872005 -0.1333555049087672 -6.4317187334848365 -0.058172499275991094 -0.06947874485011746 0.0021770265000880295
0.5342067254231373 0.1435477352940618 2.3783631713547573 -0.02044856459875937 -0.3027580526300446 0.0003110737618344399
0.9801274946638268 0.03138073024171906 -4.872622735147298 -0.10469028669560816 0.29891006183176116 0.0004816998196977186
-1.4894830004155484 -0.03272004792625889 0.5410508375640777 0.10168021080469182 -1.3903547364670832 0.0005656884689012476
-1.8416628170543723 0.4872707631464941 -0.4550134839132424 0.030385041818090364 0.8502130940263841 -0.0003695627890560085
0.9920832315316481 0.24952025500101677 -1.3020405166334446 0.0005794772682913436 0.40367469297194525 0.0011520298167162985
-0.6150264186644284 0.07207467660880111 -0.1591078031744084 0.044607183155177546 -0.36301558526936945 -0.0007660378468898414
-1.908552605716427 -0.058613830353376 -3.6813598349402943 -0.22670438613742236 0.6549594022650549 -0.0016740603740802626
-2.3751926330893056 -0.07349744398234864 4.7966736207089875 -0.16122311616002166 -0.9109896722848686 0.00048627441239694903
-6.024150133012611 0.28696245921746577 -0.15070400677987847 0.11485482848921272 -0.32671231398009165 0.0018332647580072664
0.7139713400530945 -0.25497623547923237 -0.313816896194223 0.10232369319810193 -0.34567355850137355 0.0022841205246687717
-1.7058234785606117 -0.1018921109735937 -2.582581458394657 0.09861206312214484 1.1454668684624403 -0.000646841304073815
1.9110344226747034 0.11822826698120299 -0.616146443505642 -0.03455969930666782 -1.154085331747619 0.00034522885184493557
-0.45332190454742877 0.07656245340427206 2.8804138988547625 0.14073754971936348 -0.8208710045898931 -8.375858023976064e-05
0.4165415775729286 0.3747913981170458 -3.38292803678213 -0.05496383949173091 1.854027204416262 -0.0006534836923479524
-9.1697869792558 0.17781599171299733 0.4890791246200599 -0.098017546432009 -0.2660208817447145 4.701271685150125e-05
-0.3755668983549281 -0.13102476682274075 -5.233717703993176 0.14993940102807157 -0.9192124367982302 0.001999298063995601
-1.9784975771953488 -0.09354554765711892 -2.0920987441865835 -0.18602349018918005 0.04384412784573333 0.0002587549561799187
-5.144384179121872 -0.13342412829065078 2.3761167163994985 0.05107811944322731 -0.02621663230629374 -0.00021296071420857354
-6.410161184661961 0.4563778463356314 -0.8712059155429961 -0.007953733090656806 0.7158101323363768 -0.0003891833663397405
0.014151019314307444 -0.23439230023847524 8.239566676505437 -0.13265865157966547 -0.5797080815643518 -5.3691548073808686e-05
-7.137012610252757 0.1172886926919793 1.5264877769506633 0.1414077459096858 -0.8408669308800089 -0.0013166918728007048
-0.5192598967253826 0.06937288310010334 -5.681167136555624 0.014416933803501248 0.3478673610147725 -0.0007278493831500616
-2.547416674112334 0.15300437339979053 0.02001059251540889 -0.12173066069498999 -0.8636453214850929 -0.0019852968354180977
0.8329683780224655 -0.212237211203314 1.3387788814811135 -0.056951160517432854 1.6133988330650655 0.0008564207889950347
-5.663008401626938 0.5273506969006984 -0.9576267782747727 0.19924479119000038 -0.026462118509481974 -0.002509667246847346
5.663929024191213 0.167715279337288 2.7161300389511838 -0.052331270422505516 -0.2936661765697778 0.0014252654384103104
-2.1047484452365577 -0.03798857968100243 1.8062177206784238 -0.014727333532410649 0.033793182078933795 0.0011620268990715217
3.225856984553521 0.026733220641191033 -0.09905116910845141 -0.019691191395734938 0.8080847579127263 -1.6924255603766664e-05
-1.9997938790126077 -0.01136575136538079 -1.3150390077608445 -0.03255524405707295 -0.9206289386879717 -0.0021887855547278257
2.9295240370389735 0.06499949253559478 -1.9032598856919296 -0.10908543599023252 0.6264036240574188 0.000480435491882816
1.4168756436499486 0.19198486373436996 -0.31259835683811793 -0.17343370685831447 -0.32037396058891665 0.0010018111476707884
-3.2279545394330453 0.11587913691197066 3.733398728066848 -0.1177396572793745 -0.334414555938356 -0.0003543054355632032
0.9425813736538523 -0.29599267364247994 -4.745314242663834 0.029295069284005743 1.1115948514624885 0.0010312848682053133
-5.852444676275569 0.39411390778166305 5.285928112588104 -0.08603151266908261 0.07064338484685649 0.0015612219928186986
3.4591145660455966 0.2258459532126261 -2.2183220370544823 0.2651078097770121 -0.4829610244136824 0.0020096073130893575
-6.557152563892268 -0.25927082135003043 3.8828350823441244 -0.096364148719461 1.5417055126041783 -0.0005944123188270041
-2.695975718749278 0.10961752010225176 -1.0015356436319172 -0.17781623395398166 0.7885379437004194 -0.0022767062141835844
-1.4550916430998297 -0.039602380973612905 -2.12166149936476 -0.10559191449482418 -1.220904748517967 -0.0014946434424199118
5.575285618520775 0.13001800793308851 -0.3689657083607334 -0.025743790831132884 1.4047170843724053 0.004897106841696821
1.244690966404029 0.04412560181616175 3.5819436669032085 0.11654769110558014 0.6749947144147531 -0.000710078939020432
-3.081419823725236 0.11373839896209417 -1.3080803775988374 0.04265540005257207 0.5968657642850119 0.0008584445192075633
-2.0758504265261646 0.36698245108533695 -7.213020646477733 0.10837181203957896 -0.14373177615186183 0.00015515894755264273
-2.1385856227458784 0.11706284166478105 -1.9948950025976986 -0.07011346478481092 -0.8677550592883243 -0.00028723971945061866
-4.6485685914233095 -0.20723860236295905 2.6469198183109293 0.02546142749608884 -0.12693468748769737 -0.002675700034402448
-2.1083447025857662 0.27895244102765576 4.110389132188823 -0.010521563604124968 1.2988712324321328 -0.003025275555113275
1.7823161770052212 -0.16634703260627245 -4.487155845046091 -0.005634756556392854 -1.0013838301860065 0.00044726498644907705
0.0421769251252738 -0.035061718852005215 -0.425532461430445 0.06405914499720938 1.4149418317439053 -0.001202451803537321
1.6664401633669697 0.009978111426107767 -8.671274871369668 0.016077076020758148 0.9810528308404617 0.0001626661499644276
4.3856080669779 -0.04768567335416184 4.823546075739714 -0.12342653774544292 -0.7327938759655158 0.00139850691273827
0.6600273667403953 0.09000118081555653 1.1875580537245094 -0.0879720542760626 -0.3107196065514702 0.00013026947372428834
0.3898546189332714 0.1530581589551308 -3.454839614694029 0.07118313387459882 0.7393468187508294 0.001054259248461325
-3.272857708474102 0.417044593441707 -1.6412011551556787 -0.054403757097324826 -0.39735590582496283 -0.0012731752304923673
1.283499740079457 0.18166362341208725 2.1641255927449325 -0.03322534583629038 0.8708441654470731 0.0031711405262695182
-3.4614444326108043 -0.19124333688631803 -0.5844021378077663 0.04481665859957664 1.2649883844540712 0.0007080011413838301
-1.3267566935805801 -0.3405779250276172 -1.3049177775364502 -0.18677649697504053 -1.660528626183708 -1.0446920682049762e-05
1.697612733218034 -0.11267605055045156 2.1734412629879096 -0.22541680906270337 -0.6232658029134895 -0.0001603141947290471
-0.7991545262009301 0.20516822567015164 -4.405504704121615 0.010241706503523618 -0.09587272403944469 0.0015298286703755413
-4.583497869334218 0.022267823412740535 4.763222354167004 0.016474135941237818 -0.8977580642066842 -0.003147881354660062
-3.6739501163085238 0.17757665900164757 -0.644564590904781 0.03393270267512752 -0.4536322475065714 -0.002552048332526321
7.8922230009442655 0.001276268918642301 3.423296741925616 -0.008670468955176954 0.10811966119507521 0.003337624219436609
-3.0310203335996935 -0.112763086786755 -1.023722653918612 0.11388936350450049 0.2790148597593849 -0.0002212497448346401
-4.6797200316063075 0.014429515879766356 -2.8474661524082867 -0.0366816527816625 -0.09975232216786918 -0.0015919427893894434
-3.417280308976592 -0.0410420443243597 2.471556379973878 -0.11919412034918254 -0.06705937073870304 -0.0023920138623951454
-0.37246267097325725 0.023356765814440864 2.532611471684366 0.20977220248844933 -0.7691364169902455 -0.001410468845038184
0.24865494633629567 -0.2241981418925414 -4.9025534545049165 -0.19835299202501944 0.1546124156808444 0.0002316894833188264
-4.992336449054779 -0.17479490423871547 -2.3187658125034254 -0.10974947347911944 0.04954438259387939 -0.0015004936998327003
3.747980139220658 -0.23434893123484463 2.2210919438677896 0.11089359471549345 -0.4337959621543851 0.002146645652898113
-2.8075401407262977 0.16282039674652687 -0.20346483029687287 -0.04320590012684826 0.5135925938049246 0.0001398183389417201
3.5575313759646527 -0.023102756085373596 0.8448135790689519 -0.13283752410010344 0.5102671195443248 0.0015785741221195802
-4.09521590244842 -0.18663622020063608 -0.4049167647301785 -0.14824321073556676 0.4797291796124448 0.00010655610443775697
-1.1806739123323493 -0.286496402985306 0.2769490039624583 -0.011860022572120734 -0.800130034826067 -0.0007420151935135331
2.029460935966032 0.09065448640218415 -1.4687642034110875 0.22156104862001666 -0.1449427390024858 0.0005187335601321767
3.120374986816552 0.13573764784720946 5.584705322902636 -0.05598658841361419 -0.5549588114189379 0.0033984243318140243
1.7016513677116483 0.10214630637938493 -1.8247552363611124 -0.2087225997453308 0.7647199706566219 0.0002047340070503318
-2.0305061387793044 -0.0774270917193977 1.8947934247736653 -0.20885972838538394 0.21287626395826792 0.0021002045042014966
-1.3655185609702545 0.14339315389225815 -0.34065682674194836 0.019216446285907397 -1.5754916815707296 -0.0008019647860347835
2.0349863183442443 0.40385199029328284 3.363321456521033 -0.1367482142119987 -0.26378216726661025 0.0019302823489791775
-3.7929870657531377 0.042951456093861896 -2.2487953536392924 -0.1508838780770323 -1.1152010879695426 -0.004327858533618532
5.246015400036449 0.028687352419356688 1.6920833027659554 -0.2537960593933354 0.5928094957488431 0.0009060863957657898
-0.10617327715045612 0.19197633024398736 -2.4200485534018203 -0.008272916667168935 -0.2189573463148981 0.0008009804065294427
-2.089312854783124 0.0317187987684476 -0.8986725968778537 -0.12226525171252771 1.0472090508354384 0.0015997775852290685
-1.8194136402098429 0.014395426103054252 -0.7810086496072367 -0.25152020709670153 -0.17924799115766235 -0.0017259685974445127
-3.413191966283813 0.0870737203100719 4.32922090104003 -0.03579488423815304 0.8364561092471502 -0.002032174655395498
-3.3436583301360714 0.2118556301835639 -3.2995133312216014 0.11700414433793552 0.4917832732287868 -0.0017568738750287013
-0.7239758124921943 0.10442314952194037 1.3551580464808615 -0.14355372188497595 0.48265983506253557 0.0009037660106395106
-2.551543511088883 -0.22121991999794904 -2.5808190292808613 0.02478825007195769 0.8567105697281121 0.002449050785437272
-0.5960289546832085 -0.025800184049557345 -0.0055011076951054375 0.06309470174290614 -0.3697186302722255 0.003312806997091757
-5.572181373058224 0.16020481257537234 -5.039698230370684 -0.01512803364981527 0.9455993810268148 -0.001632957604146061
-5.057855198309623 -0.10436077173869882 2.796329154029004 -0.0022810106987233257 -1.067476037892363 -0.0014745743462300544
-2.7025217824648577 0.21078669974732536 -2.8796920728703905 0.04347817912541742 0.1977208481170021 -0.00015427521930891095
-4.6490306482308705 -0.15570852302810173 -6.628245780505903 -0.027404495910874613 -1.0365949553335003 -0.0012212757407462835
0.7135844222744027 -0.14901848552785993 -0.6567361108514099 0.06669215439082596 1.163947609569741 0.0018854100278761232
-2.6590655215070766 0.4377292320205361 -4.33838682964686 0.034938284241718756 -0.9242777401003955 -0.0015466912179985036
-0.5808109193681611 -0.06474741928256526 -0.6866087154441682 0.17812551918502945 -0.022334393682870584 0.0007586588292126659
-2.3909217553172284 0.19987077470145406 1.6270981773239652 -0.1145995571211033 0.2384434909577937 -0.002206411205050473
1.870277981972608 0.1967135524008751 -1.9562358264777011 0.1202921697274666 1.184310477187596 -0.001385005291759465
2.0320813126648662 -0.5755261228385599 0.6739445026636154 0.13006848687402656 -0.12088759102973173 0.00027112851060443627
-1.2586917034007223 -0.2728047135471746 -3.2197184457738324 -0.1391183569458464 0.8938099828976295 0.0012604115603486001
1.2075984078064892 -0.1584952058863441 -3.61061162327436 0.26094550378044007 0.9766147697620645 0.0015324484777212133
-2.804158058140102 -0.01324791136062336 3.148308885344564 0.14874639460365396 -0.45433322456426417 -0.0007961408571299741
-3.5497199568742137 0.22644556040245473 1.3499060580796463 0.03994190961274256 -0.6046118349544986 0.0003689726115988783
-0.6760571657119683 0.09860565225487379 3.8881800676037814 0.011441534019201545 0.9164634746890029 -0.0023598520063669495
-1.120258862863963 0.33210793813270106 2.162837297930109 0.1402884261960463 -0.5244155750522094 -0.0007822807396592995
-4.6485430040498885 0.09495888808276153 -5.249122533045101 0.207431399746776 -0.31515355950389995 -0.0012059166294338451
1.6523435356727127 -0.3779214996447691 -2.690639205857916 0.10470331217283636 -0.15792333661136543 -0.0007398839223468513
0.23769518065875164 0.23433275312426405 2.773081000117654 -0.1499330676311887 0.7496327085797266 -0.0009461180983991764
-2.8512900448214147 0.26862479069290657 3.3036022762536796 -0.04194029182338761 -0.2818143612820313 0.00041690120255249877
5.576392119901678 -0.03370543866819729 -0.09437387230697375 0.00630895506022109 -1.0446993954253463 -0.0020924429789659148
-2.104624843665694 -0.4000610495047135 -3.578901506224676 0.03864097850791534 -1.9436819506167182 -0.0002325732381349877
0.9173163615770956 -0.0806376778344115 0.22975692171322276 0.03197507443444463 1.3099710809777871 0.00013966557499095236
0.5619187089794585 -0.16171231155590762 2.7676784448606133 0.04960564790030628 0.028342986829163752 -0.00044709143917127855
6.451581147462461 -0.060512806854169925 1.577444558285297 0.1264432553567271 0.25192242374100876 0.002267646032051081
1.6795444084350468 0.14042206683486555 1.768580681417456 -0.06368407367271195 -0.8086186525495578 0.0023829114810669473
-4.536053074810559 -0.1429043039249941 0.38193484869436867 -0.11090224343932581 -0.6830328492752546 0.001641275466954673
-0.8550591248518684 -0.046485623127732086 0.8936739530859035 0.03850904282495315 0.14839181039509614 -0.0026507430390542044
4.313880249560356 -0.036835334047617595 -0.5992771371838059 0.04753165329430656 0.07094711604224088 0.0010527638293029256
1.205924682449078 -0.18480776445892483 1.9517446305999124 -0.05512023678001523 -0.7271887775295421 7.957252254682802e-05
-5.395083145851824 -0.14622891614770597 0.21809335438785102 -0.0965420313334239 0.17938370106140702 -0.0019312462498684165
0.0714859830238451 0.0038417118390242583 -0.8610110169518752 -0.11370135558902436 0.033291595412600745 0.003018379180585786
-0.3225147918715183 -0.2347803696566458 0.5709790800633309 0.03215873773929216 0.5837381091602304 0.0028080222973884627
-4.50582968763545 -0.0434212697865933 -2.9501971944149212 0.19209212339156664 -0.16339588467101374 -0.0006996028218026048
-5.94327476463925 -0.01911863746037966 -1.9822550072561609 -0.05027034184832181 2.2069493296691722 -0.0032130054617463557
-1.8175668953221766 0.04758234363137527 3.447600821667863 0.010905819705638871 0.408573639342582 -0.0013881366760503796
1.426396094072321 0.020310316583516033 -6.2146251573537965 -0.10224321108463061 1.4490785888488558 6.729180067985276e-05
-3.6034841893660308 -0.40562673907304264 -4.233509026684432 -0.34503484549981556 0.9346728106966348 0.0008632300718850839
2.925437865112517 -0.28460162554584756 -1.6681816458077858 -0.42043402458726964 1.1117602462111726 0.00416047367130326
2.3881566056080654 -0.27820909562916063 -1.2783411697554963 -0.1220886858729185 1.946250453160022 0.0020222281196064307
-0.3322052006981512 -0.017619285020533695 0.39362844635363403 0.2166569788153077 -1.2453027725016184 -0.0006607430637040575
-1.526177280958706 0.07330881203393147 3.858876195441608 -0.1957759452124486 0.49513112811075816 -0.0010179599894980273
-2.368886740901496 -0.03780896637466842 -1.2576696460377448 0.020410983331489503 -0.6422772220777443 -0.0003521032142021557
2.498453934216237 -0.021466937394606544 -3.371112370580298 0.12824566705305102 -1.6850157136411283 0.003946714016011748
-5.4353824634104955 -0.2681014556850411 0.235015930781385 0.0072818817022248005 0.046077078081209935 -0.001819190252171875
-0.9509718641521696 0.1779563011592371 -6.576700761325521 0.10267660455664515 0.2221289737249544 0.0017890481190782055
0.1913083095891017 0.15227740020516492 -1.2506394087390311 0.22713516816888946 -0.24802422074969774 -0.0005648674070026303
-0.8775506247326583 -0.06047929799766753 -0.6235712636454986 -0.07267226267442044 0.5438638313198744 0.0003066413501707696
-0.22341088104121987 0.11127627009383406 0.8124761602142284 0.06179811025011356 -1.2908335358973282 0.001133099090485125
1.7528952429207858 0.09342072522185191 -1.6747684981992856 -0.1177627042561241 -0.33940493696494195 0.002104463508498036
-1.9450011061834893 0.08973647798762983 -0.10964908772736214 0.03759110205290594 -0.24843542560962933 -0.0012891844297660132
4.364942117654592 0.20392017296998294 -1.1762573000342145 -0.11926131761711474 -0.37238555401284373 0.0030721679910211087
-3.295975571452935 0.03721474201014458 -0.45487268027382366 0.09246239151782523 -0.20888173313818145 0.0005521881570940222
-0.5181728494608123 0.4481104620498254 0.6115406553623831 -0.017764886981583055 -0.4217579970679344 -0.0012254642270445257
4.1278007833898895 -0.06362264125119145 -1.138098625875851 -0.03885449426799743 -0.3114114713821692 0.0021964377063817568
-0.5119004600970825 -0.040168114300798786 -2.6215964438008914 0.13487663126723026 0.7048801036487196 -0.0003916120502140455
3.446603172726649 0.054005953619605564 -1.40211710881339 0.1574299179567636 -0.9832197298337924 0.002181853451030478
-1.3564143959870723 -0.16483858491831407 -2.0547435654350026 -0.11946091438188025 1.1744085524414243 -0.00016493019816965517
-2.8162502685009736 0.12559486260481595 -4.063579166790896 0.18062558512137347 0.10619575136635954 -3.4940151133950184e-05
-2.08319982568384 -0.10994599319165774 6.566053207773046 0.018036629130576805 -0.08213613635975145 0.001042876202623962
-4.254309837381867 0.12266049416405066 -7.834035254933605 0.0370613873657265 -0.6846864979838608 -0.001751604566661789
0.10276517506694303 -0.03923860046771741 -0.03509188288775144 0.019424034841019046 0.29697533089898087 0.0019243486525280643
-5.861492203330173 -0.039228893104568896 -1.7321170862814832 0.027206325755911795 -0.09362928944943488 -0.001174062993714596
6.9436880838697155 0.15665682028573719 -2.8729772457121743 -0.06344696421159252 0.7246404062429588 0.003879519277986638
2.645721048134001 0.4165877591286067 -0.9408633773883425 -0.047020016685266716 2.0310679317667986 0.0017709560944160028
-0.7019471259916664 0.08325322105990651 1.4070817453295645 0.174802726351103 1.5870598356951144 0.0027433833088616475
-3.3609310054330837 -0.07391564625281893 -0.15843784860414195 0.044215921710632704 0.4588156367988851 -7.877336628902297e-05
2.7329895879284543 -0.24099986085906236 -1.2974785715244856 -0.19409596893840073 -0.6069729537339233 -0.0005970577499913867
-2.5917015719557095 0.35920959682580555 -3.026560961152572 0.012783886170505056 0.14925140430034184 -0.0008196278525966223
-0.8875226595014165 0.16100950924757304 10.094639762260803 0.02639915958051804 0.5065169114758967 0.003207994584164744
-0.48013881938461045 -0.3216845292449575 -0.9552113312751856 0.039816575056192224 0.27303567305355253 -0.0016409044017769384
-3.96232540464288 -0.07217521779580369 4.519197589191046 -0.1638312651486261 -0.2944045829353194 -0.0023471767198344293
-1.799119417713139 0.29194909153904264 1.5472333211707245 0.08504240451095887 0.4296280397684253 -0.001235802015291107
1.5180801146956 0.0748825726374387 1.862910358691145 -0.030542971792089278 -1.7930327286172314 0.002578369607846112
3.582498516449737 -0.07734216652842761 -3.6792374175162204 0.0819603126127051 -0.6907668977489635 0.0017936581306229951
2.1402278330781908 0.1311454758643124 -3.073838055308015 -0.07031861589999576 -0.6311415929339937 -0.00017127667113979613
3.5537280536742153 0.538284893946785 1.0903136748867037 -0.08954663928286175 0.6060933163660622 0.00010589668974413568
3.4607177505891413 0.09287497522284151 -1.8414316420936547 0.36173657492732697 0.890654846140895 0.0020523156292426635
-0.8259169365527617 -0.21492902002610215 0.03281549494573677 -0.07707250559695149 -2.41787705213481 -7.807024132959275e-05
2.3428747250136963 -0.09043241368801307 -1.484043656266498 -0.002852220414175294 0.055779126088319836 0.0007524391333940405
-0.9428804431601772 -0.042691831305451754 -0.5026338069635745 0.14586905983287435 0.5166791522533603 -0.0007604521446221546
-4.558777416125111 0.4082370183292882 -0.5863220242395891 0.01387370034208144 0.6168990073971687 -0.0026386189330419875
0.02586105484932849 0.12394311092265917 1.038672330157597 0.06452249840161746 -0.0670730706158577 -0.0030055946804168907
3.2438286700433454 0.15107645324917635 -3.135474104064353 -0.02317522625847182 -0.9708642440487872 0.0011593938500616765
-6.994850526373821 0.010325928440599548 -2.705282304835791 -0.038740700437767055 -0.6998723997865451 -0.0041558596593411256
0.7476508351857796 -0.14702930617803728 6.178814804293702 -0.25787917472022626 0.059390003249845925 0.00029559283051189484
-2.6155107287084944 0.14670347045966914 -1.3437476564108366 -0.31246265749915786 -1.599635696854916 -0.0011239838002349491
0.18700534710949301 0.1518887364191824 0.6449852363083814 0.30928781372920006 0.2921050452546594 -0.00048452239713448706
-0.8070782147864962 0.1672018901084288 3.479575933611598 -0.16903086240587048 -1.238906543788618 -0.0014545922391764581
-2.819353307477572 0.13029367808849476 0.09495437699294688 0.015721260952813933 -0.9690451400769916 0.001565625414978872
-0.035814359655811326 -0.15244858173736014 -0.42391271825275595 -0.10069900517043237 0.44423176140302584 -0.0003437691047014433
-4.339216132034059 -0.01782748174811484 1.8344432847499352 0.12900017059245605 -0.36464200887395 -0.0022231850569449157
-0.6534726510742689 0.19293607540170093 0.07903346920929936 0.10760578478085099 0.216823916087264 -0.0009830319075862593
1.3863580390860604 0.05391783759254339 3.693956812626129 0.04224982324509126 -1.620857221553287 0.0011275110906747241
5.179683497880068 -0.4458506106870987 0.6907918106321235 0.03096978948672426 -0.08375089515010908 0.001776800465546123
-5.901018685305743 0.1499290281747075 -2.068361030018521 0.10189094556008747 -0.6527610782489196 -0.0027009942706736345
2.560085847270084 -0.09238880385016508 -1.6180781511830307 0.1464491086980044 -0.47578656859631024 0.001238199544083156
4.165925295640487 -0.1665222310137738 -1.7391121510962266 -0.2395276955763637 -0.023425607945839113 0.0038326554840476977
-3.7290419774941284 -0.1924201390375393 -3.0484143918020763 0.10244015853130879 1.208012608880294 0.0008592373166274681
4.4251150995767725 -0.17726774807212742 1.9660307520410885 -0.1295363173021477 -0.10041034892530742 0.003272280672145856
9.823459750263682 -0.17691270729709196 -2.094910136505761 0.03228071338635073 0.9215666289365909 0.004796323013386476
7.660767164401715 0.2817098468773938 2.311864626751268 -0.08080386384728755 0.4273984964052736 0.002140738220879161
0.7701414890824605 -0.10772150510888344 -4.666586157446387 -0.21753754957200166 0.19984072754403626 0.0026175850047850105
2.2333255534737297 0.4291300030937762 -0.9910321770984774 0.17042659498492707 -0.47366090617748324 0.0010384948218176559
-1.9742343411260659 0.12881080567937306 0.5694948314352998 0.24657106279367283 0.026281442967082996 -0.0006208025163005135
-3.442371361774916 -0.02082796083183149 3.485353287973368 -0.09795870809838012 0.08091112041913505 -0.0017465512672359864
-3.535512100661997 0.09790133628317155 1.985440600533152 -0.045479968666467814 0.9019264583310703 -0.0011657766844265758
0.08038758400849425 0.017456470952267347 1.2965715014662633 0.05030156053641377 0.9839349731621441 0.0019271274025308132
-0.2486583400282084 0.08281535303389469 3.239281801660291 -0.15826513191793584 -0.538624579086242 0.00349396104540439
-1.0866497345945312 0.258710936485027 -5.685551633265415 0.19900680688425193 0.025873399801223735 -0.0018216996285833579
-0.9751484516823681 0.2687185980918991 1.1076596513601533 -0.11146740773325937 0.588635839136421 0.0005020559594634121
-3.213839353075403 -0.015497927168316945 -3.1130063333211986 0.0838154828385566 0.6582792526127257 -0.0018163958721607422
-2.997523116673225 -0.11233599818141093 5.273032899492109 -0.11464166362394393 -0.8915319066583929 0.0012928972106171534
-3.4928772358589697 0.16967239269819057 4.41943714572363 0.34934513636869213 -0.5150443252349245 -0.0009135103629672835
-4.094302956877556 -0.12220892440270521 0.15498572896675955 0.22185402902659923 -0.08296396594087917 -0.0014701448673216232
-1.5481440594736564 -0.12259121680566722 5.105654450807932 -0.17866699543379386 -1.2845654029997287 -0.0006119874516713254
-5.7054773785480615 0.0033301673735074474 4.018537354144662 0.035272982933632006 -0.5418255154327811 -0.00031100562533741303
-2.139812795661502 -0.11178680795323952 -4.19017107474216 0.12571412136301563 0.5686262693741514 0.0007296675410511498
-1.328224645984716 -0.25498490597964807 2.140945181170987 -0.1735959007688193 0.6392989941904353 0.0005701693485351775
2.9941009581369533 -0.22514698496484387 0.1866616099478505 -0.2914944665327159 0.6959966288024119 0.0019808371583625597
0.03801895133510782 0.017788086548955688 -1.3808146842071907 0.0010961995697257158 -1.196751351985261 0.001498973633585298
-1.0538329095003798 -0.20586543717509156 -1.5962819908560095 0.19082090538764 0.5302480793435195 0.0015892697510035661
-0.6947028281883824 0.31648592925658575 -3.394497775668124 0.31713255330691864 0.40175350363574663 -0.00031173627554992084
-2.2391370518553706 0.01124166728023334 -2.0668392709032117 -0.030118900827399438 -0.1589141793088109 -0.0006721104664371587
-4.239141638597697 -0.15124642639303115 2.8739818495231293 -0.2894736874792862 -1.1277741982124345 -0.0008863888177633085
-1.5298299201883958 -0.5428150598337598 1.0475771025726386 0.2026262145522426 0.15278742113018276 0.0018811904577557008
3.56615630355197 -0.09859615970508434 1.8270499058424612 -0.04177192129179645 -1.603689120438486 0.005500849254344741
4.411249101575379 0.066303999394587 -2.930352430436492 0.04462756016139661 -0.8775893664026141 0.0022458431481739345
-3.063952305504689 0.1431296936344367 -2.8238212074188676 -0.2034448235602293 -0.5994588136228589 -0.0036553699912740007
-0.28661597403590383 -0.21206901786015214 0.9310445337362333 0.07628947633886579 -1.0667078210026049 0.0003140409454758549
-1.6336747448547353 0.24912908977020592 0.43266202957548855 -0.02692277451706983 -0.38207072743150533 0.0010459645523242752
-0.7959064649951536 0.3069292968843091 1.8445638158293929 -0.12889505189491623 0.32884885841429756 0.0005486736019125801
-3.425563297582194 0.013076025286108298 -2.355529365162345 0.06541528075493637 0.38934251087396393 0.00040072025367448417
0.4846460340048398 0.3035096052361834 -3.7462059846975406 -0.18814562504586227 0.1300501017857371 0.0031849067741465606
0.34640324627815183 -0.15182030351837347 5.454000833798076 0.17534642006987952 -0.025185435338177787 -0.0006024233121759359
0.043392938163655005 -0.10123574933494311 3.8625326992510374 -0.10364328211779701 -0.06195567437830481 0.003835208519338318
2.423603905952159 -0.41846521868592074 6.432344033217782 0.013377971114665866 -0.43895141118614495 0.0016553995302623894
-2.6027734351500142 0.2556780286694995 -2.253284497906475 0.2671886555426133 -1.4894493712809402 -0.0038226645639129245
-3.705913619330979 -0.17115697574670863 3.862150283732717 0.04468617486450997 -1.0234495352383455 -0.00112733277654407
-1.9807499571531257 0.17385913494123037 0.17600697457207684 -0.1935554518672903 -1.7547946058817907 -0.00047606349011018745
-1.131568836970518 0.0050115542135170076 -1.1682906231796257 0.037698441188323224 -0.26944798570093226 -0.00015530656447929888
2.2753813481664507 0.12376817489458884 1.3373685952100307 -0.14966739512166038 0.7057084860093819 0.0010434661881789226
2.256722859225236 0.14518725734713772 0.8265905969566909 -0.15763579511788625 1.7154580791056901 0.00046207409345642037
-1.3966145355431685 -0.14133618775920134 0.9468096979271029 -0.016738566431984573 -0.8768081092969822 0.0013898856174139182
0.6095221665205569 0.07676438608294921 2.546377992832056 -0.14207761723567466 -1.0235079725293252 0.0009879436010404236
-2.0649738103991657 0.30280315869449675 2.00213341384821 0.052405463226433184 0.598717009824786 -0.0008623414945893288
-3.094621023527681 -0.1740847755881141 -0.284294140365179 -0.017309420552854136 0.7345031165258832 -0.000296001591120669
-4.4190387007615906 0.03345177871448491 3.2258109546714326 -0.06526492885214967 -0.04154098340516976 -0.0008577551404423555
-1.6040201726639478 0.11705330156684468 -1.520596535570478 0.12573920081585369 -0.6968038158959855 0.0005600008143863338
-3.616404197616264 0.22029351941941663 3.98386758390591 -0.29291709111685615 1.025521516286197 -0.0033778537494846953
1.1950327080155971 0.06180019285644419 -4.486181517871116 0.11839460310073044 0.39682866154688373 0.0006683083262640147
-3.3276653570517363 -0.13789583218100665 -1.7256399354284935 0.23803709547453908 -0.41521115910494316 -0.0009210202644016797
0.6864397843943109 0.1505483832692796 4.749427822162575 0.042826681421281314 -0.3546154888885497 0.0013992137857262938
2.6867028922236402 -0.09058542024044808 -3.4241599783854606 0.033411567882356226 0.9309948998377626 0.0002774786729035988
1.7554309198828224 0.2380518070626608 -0.16725413296287503 -0.13293413552490027 -0.031875897664203005 0.004545829162135302
3.9694072119061343 0.24115775863491704 0.013296643151033202 -0.03708791455779989 -0.3625328128829534 0.0021342291365927983
-0.7574703348337091 0.5222156676999089 -2.8693753518317195 -0.11147897203539472 -0.4289658144615429 0.001725632355908501
-3.212872603271654 0.15519850586851963 -2.748124171721954 -0.04693727744298653 -0.2692316396615348 -0.0010205267660296049
-2.420621861668102 -0.17540181252504572 6.268970379333267 0.06337003480066968 0.23062443425362059 -0.001173301049750893
1.1552648049915657 0.029113898988924875 -1.7327760287203953 -0.2688116163930276 0.8467724578961174 -0.0016597877276983135
-0.19994779353261866 0.16653626222869666 5.137288246221378 0.16898227412735134 0.7996182212203131 0.000538171069519593
-0.9823269895975666 0.21549089410226063 -3.873380659577354 0.1561645044964613 0.04954479966258518 -6.915347634435221e-05
2.333388262397687 0.16135113909119675 1.6520825039810916 0.05340241215533031 -0.675904401374962 -0.0013826857719127996
0.44305592395782173 -0.10695272113563412 2.709152365845472 0.07485086328878035 -1.4829579945729607 0.0007481926454052762
1.739230747203629 0.0863947338814623 -0.5827689400504806 0.026954170386583376 -0.45164521977878924 0.002956225425024003
-0.3798342564396662 0.40901682713898174 3.0891723306982453 -0.003321988259070265 0.9003020721335567 0.0005784046082270857
-0.14515271677816544 0.12110190435892057 0.8683729359388682 0.007380925708433029 -0.08524637406758817 0.0035500187026382556
-2.8726908789268912 0.2336604605588737 1.4213222283528362 0.19924605234691234 -1.9794585295796545 0.0016049378183227072
-0.6442244280401518 0.06025236082787571 3.9095725724189605 -0.11102528279618169 -0.02968401434449096 -0.0010577325758024435
-2.8753648836185337 0.2130841313185352 1.6694611638865235 -0.24842739607407324 0.9381002193977792 0.0005740418375656364
3.3652802336280763 -0.3027131951621202 0.06472448191072057 0.04901247126532894 0.6399804259802859 0.0020548934658943764
-0.6494831883790231 -0.28310448806128347 3.2476225039747795 -0.13062675013509623 0.10016689588079106 0.0007739425880147994
-1.5041359970022952 -0.25240425173360603 -2.406019108775734 -0.03171360948164716 -0.48527098834435234 -7.407112955744559e-05
4.166675059607886 -0.16300204276554597 -0.7051003644811972 0.06898063175118473 -0.0360027839793596 0.002460829898704653
-3.717013137870112 -0.11585653730100903 -0.9398009392818231 -0.11430030330066973 -0.7364625590105577 -0.001025298523017369
-2.9171202757736525 -0.04717694802219453 1.6521732732772514 -0.1721423197502737 -1.1520232275736622 0.0011496864348417993
6.7363767649027215 -0.06576216259012911 -3.793327593629203 -0.064305004481032 0.9085091900400288 0.0034743526570382827
1.0482490297421456 0.22586110563875075 3.775668999269295 0.031159555065987596 1.1812605344832845 0.0018192489164077447
2.0885742780839482 0.03146612178360779 2.134751605016323 0.09607755976406265 -0.4642891072277313 0.0019848319321073603
-2.843998862244681 0.03874736524068723 -4.116056601777505 -0.024375733235749514 -0.7141362525394118 -0.0023242318403290277
-4.84353891926678 0.31339509034531604 3.559904472505404 -0.0599331815742214 0.3815981354492049 -0.0005717585649226304
2.18095531559919 0.042701997690727446 0.2609054233920288 -0.041980417961354224 1.7507215216997616 0.0013043157980011165
-1.713320871079023 -0.10341217369917306 0.5714155423230624 0.18211140100792167 1.63676755654972 0.0022181624005193717
-0.05972545885668762 -0.16501344985413482 -1.5132927003756425 0.02770862629307108 1.1050294304449257 -0.0006149803319499755
1.3295296449855472 -0.10783058455524593 -1.6658938069430849 0.1348948725444804 0.7319658128935509 0.0016046734710574485
-1.4771891540555213 -0.0016504716814998517 -2.3784730743255302 0.09659395422320073 -0.22438423761318288 -0.0006187827173502221
0.09134301956669974 -0.0486911292027413 3.6039455001112493 0.062355261849573164 1.4904876822530977 0.0005677522725706455
-7.386389820668963 0.13457240314702656 1.2359004320810518 -0.010045996774702514 -1.2253661395505313 -0.0046361264051202515
-1.9688219937229694 0.0007809259003572531 -2.2302751030624757 -0.23204005440895456 -0.9467653028376312 0.0017909627413341571
2.797921201255203 -0.07618641730334394 -2.860789749279342 0.0894361383165978 -0.269727061956647 0.0004854541725846601
-1.5211408522457042 0.20475662159727262 -0.4309225339606352 -0.12258534917798633 -0.10794920737905542 -0.0010449347553433237
-3.660588648602135 0.25136596911764425 1.4496934223060831 0.12464581350994942 1.1564633693061603 -0.001211819276327766
-7.480977483395486 0.2273680866170228 1.3586738840742882 -0.12042686216384892 -0.46384892580897463 -0.0006501458424511749
0.8807308483268003 0.16634103995794824 -0.0002735973791292105 -0.28293214574982967 1.4913787063866404 0.0007036292539839031
1.605737478895099 0.6523963672775307 -0.5393787227353485 0.016232217353404188 0.03338071804842401 0.0006307068480541091
6.689646638545083 0.263228003434073 -5.348696565277787 0.11573647467154523 -1.0953695776468375 0.0040988221143400585
1.032919720044761 -0.16976682952801705 -4.204917894093422 0.12922664541822773 -0.27620214228152445 0.0013503831181283458
-3.838305920666884 -0.42003562526922017 -1.362720042610856 -0.24488887143982635 -1.3151549709669628 -0.001444078370666008
1.8940557823346484 0.2526820601561441 -1.1634274823220454 0.038874275142509934 -0.28137574614678873 0.0011783770734975
2.1069805632855143 0.3450800122037829 3.0622907595822024 0.3574277548360735 -0.5723631066815451 0.003047341698913784
-3.3347386543057245 -0.27391952077084225 3.963013818578062 0.07770990568408556 0.013721315308978911 -0.0007557586653517763
1.517838561312029 0.0991731597559848 0.006355985726203341 -0.04138567173864019 1.312127885936465 0.0029266309529299953
-0.5888366521571782 -0.1841797945411124 -2.4744770489720618 0.22540700753129875 -0.4627093304381679 0.001675527767149014
-3.7479877072501506 0.1322038290702788 2.629571559254215 -0.3826415941980827 0.8728450056688167 -0.0005500824673841021
-1.3531485987320904 -0.25942117759515654 -1.8898541304408385 0.16894700644606314 -0.3255908977651385 0.0014350842138041598
-2.2319648392964875 -0.15087443359850927 -2.6227542478049566 -0.21558724800426163 -0.364381270914954 -0.0005856833331943236
-8.521247413346433 -0.003347844794942326 0.21687509164473762 -0.31822471306556227 1.2792825784797814 -0.0019974624514731408
2.7214696314378757 -0.07948381623364488 -0.7010459746190966 0.1962310858228363 0.9902907006871036 0.0028484850616069587
-5.368094626058787 0.03424374363010487 -1.1596923758134803 0.1940905354273988 1.2258594507382363 -0.0025377556298039495
-1.396746254558039 0.005390571614849091 3.3223493903465258 0.22312312794242117 -1.0663585463733471 -0.0020535506882235852
-3.240123817592103 -0.2262858756412444 1.2094752422456487 -0.05127500659512068 1.0738699805221386 0.0002061699547172486
2.3907881955377435 -0.08272733785571235 4.18093295422771 -0.36962240154945863 0.5296691161098831 -0.0003547582861211962
0.9990838336879921 0.03673439860733978 8.878635661922472 -0.14954320557397913 1.8476658704703284 0.001917500645662408
0.31138843409476497 0.00528174620839383 -3.0931088113450125 -0.054029151733083564 -0.20490754038726258 0.00020184077147640525
-4.915573926267306 0.027357095392824347 -1.6440953067547146 0.1923002171674531 0.42794999061484706 -0.0017957223428272
-2.415817167688976 -0.0756419614159312 1.099048052160288 -0.027561514265112007 0.9319778241703507 -0.00108390420387024
-2.716196736214993 0.2140352246316542 0.3531078220306946 -0.08869352511225055 -0.2884617414347945 -0.000958577806938916
-5.232892837674911 -0.34996688218550653 3.2939397625894817 -0.046631760036378166 -0.10972991555753846 -0.0019213695338390307
1.403634923178629 -0.11858954147762509 -2.877952309083155 -0.11274951552543777 -0.32537405222405524 0.004362607106671034
0.1758905144677163 0.06840881743238589 3.093565189789608 0.1009702968763741 0.3163597834403799 0.00025606741338796835
-2.9186562879183415 -0.03357845864679953 -0.21887857491828513 0.03042832718884234 0.8845677517435153 0.003003648551005066
-6.936288241495635 -0.018761086229608395 2.4211774335080554 0.20206385875172617 1.8664426909350345 -0.0037207610984549494
2.258500027582029 0.05656746081268204 -3.5780583518118854 0.023673282627992367 1.8007489766956415 0.0010738695997478014
-2.249045999276367 0.1293305057947969 -2.747230045586017 -0.05368626462100948 -1.5126509468073581 -0.0006377038688777224
-0.21708393443024623 -0.05949660674333982 -2.571379625366057 0.17620512290691331 -0.29442522460599546 0.00019088931682008126
5.347625983427217 0.10697051963847713 2.8582731772605077 0.003346202721919296 0.715772704141156 0.0007364758678426448
3.2719828182044832 -0.21325234717064626 1.0142333035096378 0.20294645137043632 -0.12610583434952768 0.00143484940274301
-4.918508526219227 -0.18591624939128035 0.07458367962373111 0.03591749792366521 0.8991369919800999 -0.0009062172863984283
-2.6933137240914093 0.1016628451265572 -2.8637742175533263 -0.20254739957488674 0.5633861099765003 -0.0016689246142978
0.8152925560394146 -0.04974507862338783 4.578152778343134 0.17639685187408694 -0.5526960809867606 -0.000990537956579094
-2.9538310990158445 0.11579072184321348 -3.0459076748862586 -0.061366506393296646 0.02472831044220615 -0.00013013143134171665
-0.9346273902301738 -0.08760569942067221 3.13868958411197 -0.0631071013176097 0.08082983865700731 -0.00043709701951819815
-3.798663158762643 -0.007798298362120758 2.6161766838606573 -0.18165415240430718 -0.3481734821520217 -0.001977809156716616
4.898459533532166 -0.08233407219699063 -1.5224497173692737 -0.14663566008720832 -0.33365940207744343 0.0028604927608375116
0.2663719294286951 0.16014350406281305 -0.8949096481735617 -0.08808348094822796 0.08363825571515085 -0.0011146174667988676
-4.250678639418202 -0.28540783410221054 0.9695080562595599 0.02031914312891988 1.3530854003441413 -0.0009354013303030015
2.749678824853945 -0.24068725598861715 5.019839130927783 0.035247655861583654 -0.2855762495580272 0.0013523719899927057
5.337650402980997 0.29090026324032764 -0.5417232628456907 0.04031237166068198 1.786957203647284 3.637229590283868e-06
-0.13114555799978314 0.07607104592335064 2.540259469379891 -0.18020654401645755 -0.09693534578998807 0.0008535807463935843
-4.818705063942188 0.07849871659013416 -5.119768637133859 0.10582928998711177 -0.7039788901183329 -0.0007140611537985193
-2.948098608863933 0.013316785895369308 3.8852009957164766 0.2676268858744975 0.5267744660670434 -6.717119387868651e-05
3.2722540114909573 0.08338917536038577 -1.8074858060003924 0.23045345658461247 -1.0744839036133977 0.0004256900362198773
1.6994066856202263 -0.11708984455581799 -0.5785690079719724 -0.15909915114220463 0.2624198948643709 0.0008836720855655967
5.833629746364253 0.13574227541297854 -0.5730612641567282 -0.11063385438099671 0.5846154174075756 0.0049218101558464915
3.0104810227877237 0.04390372878135707 0.23677999019593668 -0.016147354488990757 0.486329926235536 0.003947504104816009
-0.2192304332298261 -0.2225870198142818 -0.3002004529099972 0.14686173371971276 -0.3811410191493729 0.0021803366452961596
6.288003833988774 0.22545893634286737 -0.8556403273657728 0.001725028524466011 -0.5393385964308804 0.0014561311173725022
-6.012718592403052 0.1105140845771217 0.6273359012657818 -0.23811990708220152 0.5942634418691698 -0.001270381895090276
0.8413370942031401 -0.07540707143321324 -2.421717718144321 -0.08065682076560046 -1.5443770989530137 1.8585719640707684e-05
-4.052216878645799 0.04424802282437436 -3.869210514337874 -0.0040395362691559526 -0.2990906530851665 -0.0019108452484125529
-5.740308010658881 0.1273155049047067 1.191644507305798 0.11033826034532455 -1.9067594981803173 -0.0010213288996863848
-3.2034734051933973 -0.3106770699123347 2.6496903601891035 -0.22787953099492664 -1.4617649849492327 -0.0004936651297547468
-2.650327174109572 -0.02460210186881716 2.069748730598114 -0.2489459703527389 -0.1797146366525752 -0.0008764702052866256
0.5951662171960755 0.4104254629300893 4.6753049007018905 0.3524053395325126 -0.3817958851113052 -0.0004710967335184601
-6.966491908914833 -0.12773542032352755 -1.0095702240627784 -0.2228611043909983 0.3586137868955913 -0.003600539318466214
-3.3670612443747103 -0.07589354509999235 -0.39330753211730896 0.010823147360025901 0.08244099912523963 -0.0015657055530102367
-0.2363923518435675 -0.3272481331505481 1.920212749756452 -0.11084599953454827 0.6761312939094485 0.0010145397778761238
-1.6691618146316973 0.07868879873406404 1.5570102903188912 -0.007718995316334016 0.680311141651064 -0.0010148243532901633
0.02507731877980266 0.0664342813122687 3.387482698884031 -0.14773744453825427 0.15025395007054274 0.00036258533707911073
-3.373224458932005 -0.1304213413969897 -1.835768224793883 0.050133109536610196 -0.33185457739630797 -0.0018884044670837003
0.5961160714349149 -0.06044322349670575 -2.8202140740329678 -0.07605682978510991 -0.2626253348253743 -0.0002818571770691319
5.610768303396428 -0.013112645570007242 1.6173655222535432 -0.1759443904637236 -0.6442990789900647 0.002404442652819167
0.8183297481868823 -0.24285071024579596 -2.6941216483569805 0.10295342595520757 1.509576341243091 0.0019361113879609094
4.127745594811895 0.15223850848486956 1.9356492887993053 0.15857011195627882 0.6122325385063775 0.003324192053419041
1.0994250555603038 -0.10285339937414198 -5.817697844695531 -0.0032690634524732004 -0.567871898921736 0.0003547326569795636
4.13331256516991 -0.14099758321310082 -3.8606416530178307 0.07568909354952465 -0.2783784617179333 0.00210898417918105
-1.5107203086230196 0.06726965175504215 -0.04380304812215978 0.1836775474790418 -0.2990975919558269 0.001828338032382252
-2.6867847176013924 0.09781262400187574 -0.3522131806675726 -0.021506039267279717 0.5226296253745567 0.00020298226551361087
-2.7660478903978034 -0.27106119211791657 2.8287451359085307 -0.04246676770519272 0.08851399401966675 -0.0016089121485475867
-5.125530859498937 0.3081598514260198 -1.3123308137140748 0.07050992383464526 0.775650730494253 -0.0005298214462806089
-2.7852132307761335 -0.06876753748622737 -0.4271432752437589 -0.12714378273227797 -0.45827676259769023 -0.0005363874869577659
1.7758660173139276 0.232711396823646 3.867626387326782 0.341655245485741 0.015976662654833575 0.0008601957849637251
1.3129953436861324 -0.04335216895645137 1.352187433545595 -0.06040155901988239 0.6591720769781113 0.0015809227023939221
0.7266301309516541 0.1862221438640626 6.073735857166793 -0.04329448268049969 -0.8203254559142239 0.0008532689238750873
-0.21185758793888276 -0.16858542476659422 -3.229996930720952 -0.07606513964760203 -0.1203288047775126 0.00043557060575389743
-0.7600872012539682 0.22525755304748607 -4.191468613389365 -0.20419447117890666 -0.15203337323106825 -0.00016201243112921757
-3.2630612313763487 0.07061727216908899 4.38426800603308 -0.20357236692429329 -1.1012000351003328 -0.003435258426384426
1.9545982799733541 0.07368151058642068 1.0408551492316946 0.17113424124514365 -0.005096993247580398 0.001665449134031339
0.8834837000056326 0.20353255298168188 0.7927003652506927 -0.1142671241806082 1.1831901691876463 0.0013736893764850525
-4.841668648726576 -0.05499358231249668 6.8333589284970095 -0.10754608301703623 -1.6940130391773116 -0.001359869650305241
2.8307611011190645 -0.07848126216990646 -1.8488665736091943 -0.14629857548843178 -0.8178604064165479 0.003145532990720801
-0.7853588453693509 -0.28457468110857503 -3.7347789293588542 -0.004395829107291244 1.0834606821950143 -0.0007729515756667496
3.305424199148036 -0.06945095604260808 2.695428914916134 0.21023951223038967 -0.3659852554393167 0.0015185670779605893
-5.349660750324466 -0.012238929963169186 0.0997024225414461 -0.030499127025807926 0.4071497116816628 -0.00258419600298152
-4.1094891882034466 0.05890827437747991 -0.7451919886421718 0.06510361945893413 0.4794755213310234 -0.002140639421983735
-6.013534727516589 -0.12481388504480469 -2.412862791402412 -0.16609947892561075 0.056322522008662834 -0.0007931564890304452
5.79425153419843 0.22087075266959896 1.6697056126823535 -0.23065785955995166 0.4658313767591976 0.0010126935254827444
1.0576414953729567 -0.0768809647359124 1.9469180053213544 -0.16504250309710172 -0.5840955719955483 0.0008518686169914364
3.036424736679791 -0.06493796716908738 -4.555929557082074 0.09450709775883927 -1.0135993227433127 0.00019895159976485158
-1.2651976769818651 -0.2217333897210121 -4.421449365675497 -0.14483781010601093 -0.19008195022115298 -0.0016693797637242242
-1.383940489156727 0.11883188723876345 -0.5202207092131641 -0.17012434062398402 0.998953316836204 -0.000681999508061374
0.32581186682105834 -0.0576109249234906 3.131143713968068 0.2606357487065294 -0.6788970652906571 0.000859672861874475
-3.6571003563823665 -0.017910870091412786 2.7577649455624864 -0.11965346431674473 0.2648915402295232 -0.00015765820346690527
-3.2629392957629566 0.19264666753930368 -1.6030995485729453 -0.04167799506506788 0.03068600719200232 0.0004175295922116269
1.027770464668414 0.48691816316893527 -1.6785358006107092 -0.11197909356314042 0.20660972962340765 -0.00015428085552997208
-3.8038287562323516 -0.28963992035961794 -5.182262717508697 -0.1101540022839399 -0.4704549648686074 -0.0024812111907570526
6.046221557704605 0.07436708320273443 -0.31532064885757727 0.1333597832862528 -1.4022043309197698 0.002724814321242733
-5.030877770445284 0.04119717245757051 -0.631136654621688 0.36166182894121673 -1.3811216309500536 -0.0023302597698990303
-1.8496066218618228 -0.05358345453072412 -0.5122343874103383 0.3210364156657808 0.20630690543724495 -0.0022693905042210707
-0.23681623309683691 -0.3631692355597844 6.656299336197316 0.03617647296277402 0.4859835560230167 0.0010149263674434532
-0.41621563869403705 -0.014554277106397506 3.155163682070965 -0.04799707006679599 0.5593765648081694 -0.0019866987587694404
-0.7833312301765837 -0.23152250590552875 -1.3333519195713772 0.3590167468402186 0.3857023872895846 0.0009521990076775768
-1.986269020577483 0.20590094571336603 2.7846380856328015 -0.007648958983557898 -0.7095044573289949 -0.0013147507273775663
2.308435232073822 0.11264389398514699 1.5118184064246158 -0.02704683522156266 -1.0913265666817487 0.001909643153319113
-0.915220347823748 -0.21866255170696142 0.05145225501621436 0.12431550492844282 -0.16368841497550654 -4.203771363384014e-05
-0.42122292130384265 0.1748242030096039 3.0290954217674395 -0.17693925256311482 0.7817345303889119 0.0012248891810187072
3.474532731528976 0.346002040652784 3.929203153375666 0.006346338717066396 -0.04192199856933493 -0.0011939334155582537
5.375702845664405 -0.006472963016514936 -2.394813636664498 -0.042028878184946016 0.7826723577879146 0.0038812726951849164
3.396926232340977 -0.03386505611371435 0.8124243139501527 0.1566828761944519 -1.014714918788417 0.0008745371690711305
-2.655055493204319 0.008435088006164182 -4.308456545550794 0.05585351040789402 0.8659477633632812 0.0008337547605106959
-2.5418093024461244 -0.09894824752434428 3.188726453803979 -0.16743057906793518 -0.2996996836429184 0.0014020909358911351
-4.421365289123674 -0.026475407133478034 -2.8350964559712697 0.022012979503814017 0.6767426573944184 -0.00023859914223607094
-1.1973311033379117 0.13943410594213432 1.4240445714901748 0.02199204931955219 -0.5834069825441635 -0.00037144048827403016
-2.8735871004946985 -0.15931103502510477 1.8925366199681835 0.0774038985113506 -0.2842346209428602 -0.003172097996735502
-6.141318570159201 0.27609232014035745 -1.1131667661075564 -0.1432069307940111 0.198657053825464 -0.0022251003782207046
0.8119148883951115 -0.14662556831928406 -0.6409210184352365 0.4301913876088182 -0.1098487003575895 0.0015834881420960056
1.103341570371837 0.0646581838677577 -1.679222908544789 0.18242915172333204 -0.23270582465808987 0.0002874375632720133
-0.3695961388536844 0.3404281164924643 -2.7537027023605654 -0.1730456315705271 -0.10056759336401352 -0.002821653207624712
0.30583378660093913 0.14376663971064577 0.4264734915023045 0.14107747509329857 0.32751684756453614 0.0008127024657488917
0.4909964859759364 0.3979661032585129 7.032347969765947 -0.05022809316351572 0.933668484767287 -0.001322067891107967
