0.4104715815202091 -0.1101052285610505 4.119187116359092 -0.024807193700290248 0.8920960225664848 0.002391650092679483
-2.490630912231123 -0.02424345646552287 -0.19239147595177933 0.18041376680878962 -1.3417515132664393 -0.00019960248423532613
-6.385580783311705 0.030557061085483006 6.422044658286638 -0.12178767602149325 -0.509404083575357 -0.0011101939455797636
-3.4761040128232303 0.13503778345548612 -2.9979737284250496 0.07534198971553957 -0.27811146261877245 -0.0022312188817624444
0.3279382173475369 0.03142777485460479 -0.9410512589722824 0.19059957638012173 1.1220996764016937 0.0021889345125087082
-1.4449765812198616 0.16501740751836222 -3.5628051052803977 0.23875716597992663 0.017397111303315962 -0.0016122221621427144
-0.8445213817164225 -0.0019386146667195448 6.358595169900875 -0.06741224282846904 -1.518516287534179 0.0007927797217819928
-0.04471643343457044 0.11598808652112655 0.41210021588958773 -0.0346840625569879 0.7959957041080274 0.0005629966988545503
-1.448036400161683 0.33650924044864733 -2.6508985171161847 0.029292272548133394 -0.3081001633872238 -0.0033250495687895147
-1.8349277284893737 -0.2368032623073132 4.458244570150259 0.14722293844025905 0.34771861746151894 0.0002768192322025209
-6.910076579744459 0.11728091817418916 -1.5620072747220368 -0.2409304238699162 -0.14683481690543596 -0.0028303107313054775
-0.19879714350696945 0.18186260678216068 -5.3413040935594225 0.030974985116206565 0.4596696169405614 -0.002433247786833241
3.0901336409135665 0.004650075678109218 2.5920068280775332 -0.2501907630173796 -1.3114051185222109 0.001962332030951779
-7.076936310406458 -0.0250209760342714 -1.3196178908914074 0.21995855437379622 0.7185153323289458 -0.001777360800188319
-1.2080315795655616 -0.07103974159543817 -4.795442398104217 0.08039279785074084 -0.023690779180847502 -0.0025784896311842713
-0.8190761239632123 0.30478998288508097 -2.4037949106380263 0.07589493247178125 0.7512100091505404 -0.0027172746892176773
-2.662900294189246 0.4807637575310599 -4.693942715174371 -0.27795844338170456 0.6234003136331234 -0.001288181159717694
-2.918113622912377 -0.0898420286700764 -0.19842472996286517 -0.15523816997237588 0.23645436434932898 0.0009934201159695819
-3.6182482754421588 0.18290478348070408 0.18014000271483005 -0.09238057775832183 0.23926552491890277 -0.0015802805233388355
1.3295182616925738 0.01024332150667307 -10.367784538721997 -0.10286430705587028 0.20357932706564424 0.0019999465117048762
1.100817809781775 0.15103648889581756 -2.4121867513506983 -0.0006741176837486278 0.497823680478594 0.00039699232013251873
0.3732326319158326 0.03479478781557086 -3.1268713990993002 -0.13551615651397142 0.07938430732829825 0.0013516119501114714
0.7179801623091253 0.344639747886064 4.3781248253517 -0.03507763450781373 0.6529632523860789 0.0010654002317024326
1.2547790728137505 0.2112941206972085 -4.15619307792319 0.005077536749805976 -0.28466700920477794 -0.0005481544323452851
-0.8657695072427957 -0.007196179972316672 0.09175197582602372 0.1562476931634766 -0.2958046398183289 -0.0002774110555328049
-1.5666091768138226 0.12391744315207924 5.182196911799734 0.23160343474707307 0.8227380916996186 -0.0019127263646800561
1.9189616341097766 -0.011902163666907701 -2.020046980508041 -0.026506028207694307 0.8233499286715064 0.0030351048600936402
2.128549485187166 0.14390760581514525 6.08023236652831 -0.0018846426787169903 0.17808978511434684 5.184303152571168e-05
-0.2720288196806438 0.17235096311902365 1.3014795636074281 0.06109602720773964 -0.37899491502742677 0.0018312506753908452
-4.539194979625006 0.06396604762272239 -1.8731442063102868 0.25584781047883914 0.7235889136122438 -0.002450973390338328
0.11627118916596094 -0.02084012836333508 -1.7557665433419358 0.35648860139017535 0.27470136757341646 0.002162824660889087
-3.216152859661967 0.3760014937061846 2.7456907604578746 -0.017833583385461482 -1.4499755360087703 1.2688369844350511e-05
-0.6180949148989279 0.1743565850491149 0.6815733639673276 -0.09641129625347898 -1.382536047486729 -0.000990600758361075
3.7652382017124535 0.026566603231414847 1.472848144028829 0.18502538749400826 -0.6076387693312708 -0.0018876834683011054
-0.856585188889647 0.07409007618053497 -1.1976072613283744 0.2013680821383629 1.0020252918865318 -0.000301078407806024
-0.44494044435839925 -0.275628822098873 0.41632070560144235 -0.22203513549051615 1.1673490463282337 -0.0008908061023494476
-2.2531662717338308 0.1982728924678123 -5.108430032462111 -0.17701698655638406 -1.3424436410020313 -0.000140637644891922
-0.5655863944623282 -0.006015263202878022 0.27936557618838587 0.059748285396063305 1.1107822398330802 0.0012575383512981508
-2.5689809584767596 0.3000277492259992 4.56773726714493 -0.16271961822514108 0.9773741925218441 -0.0020158607394037908
1.2522428842931663 0.08685464114911068 -1.2745737071913348 0.03547624499584313 -1.512465186333932 -0.0004396233043828
-1.005656327158705 -0.21576819879793485 0.4239326633997118 0.04298162236332856 -0.252160951816198 0.00031259366695124234
0.40545422832840045 0.04271133113714083 -1.4073476055788074 0.21062360483224418 -0.8938677208921686 0.00265525330323671
-1.2102940977791052 0.18240857525254756 -0.6538308539816364 0.15882790923675325 0.9432496572079104 -0.0004175577727766644
-1.894804687980097 0.09823612760217604 1.8171174175562956 -0.16154365252098657 -0.44324891708277486 -0.0018119488800140218
-0.7724788495501665 -0.07819658405263528 -6.646806386822774 -0.045473362351906146 1.248868723591962 -0.0014889203664715744
-1.9815203125130745 0.09130940758310158 2.738072111337971 0.07849108068771975 0.6601840861409396 0.00037693885570566545
0.6173602736880557 0.20806308928788073 0.1775513115825771 -0.07564906632928028 0.434016073950946 0.0024153837326742283
-0.07047043918759623 0.056215778435368534 -0.5867233051962321 0.12111540571107057 -1.0848239606798389 -0.0016713953493915394
5.059336650567185 -0.10584316851918041 3.0189605427342556 -0.001228012723771134 0.15605862694207065 0.002735574447903896
-2.6164249024564006 0.062052870366986916 0.04184756197454602 0.03062201228464071 1.2045570749431316 -0.0007861145025733043
-2.3612275700113945 0.416738262540583 1.0228425251366664 -0.413589457168877 1.1690536506967801 -0.000721768923616497
0.8096157295855155 -0.1793840120458557 -1.1472874034455534 0.09096322002143689 1.3249862326915052 0.0012478333435100106
0.5289731203176256 0.10027365818841823 -2.1163448491880112 0.174502009678399 0.5198142467047344 0.0015910194358855305
1.2232543984847686 -0.17820136118823088 -1.8627424981621 0.16634566497109937 -1.3254460392054406 -0.0016366090546428903
-3.2500108343228997 0.029777858805554135 -4.566534405444778 -0.28368606286194376 -1.1887737472514452 0.0008274033544302464
-0.9250447340059511 0.20950361005953544 0.1519018299583803 0.172921943353113 -0.4407199321384674 -0.0015308452252629436
4.703691339987732 -0.194154868613562 -9.632245446246184 -0.029386166608234787 -0.06615039427674553 0.003436128690432878
-3.8023703692102804 0.11222844501072814 9.933323138202162 -0.048685219425198115 0.3996464950612293 -0.0009889746977111455
0.02535667834176551 -0.22603349815221463 4.007959317524224 0.3718879058984529 0.33190835574724314 1.7147603684302126e-05
-3.8139627767900772 0.03914828564905962 0.8575389949770845 0.14434916066003803 -0.36506163804874797 -0.0025690553744260863
-2.36871505552986 0.20645872690418246 -3.461971654461549 -0.05347949195722607 1.3378575669295238 -0.0003942205728689974
1.8746723035980286 0.3479443423840729 0.6146574296879219 -0.07959478435626396 1.1891130833846484 0.0019875918292510154
-2.2061584317844827 -0.24736439496578239 -5.353163793515278 -0.14849088222312634 -1.504965242204742 -6.477908442164182e-05
-2.050351237768548 -0.08724188933418336 0.10952544713654842 0.18051719754780285 -1.4238534542928662 -5.758274103404837e-05
-0.15229858128997134 0.43859159813643034 0.6326134531938351 -0.02218979183358881 1.670269687998008 -0.00026627910207066563
0.5848457675468672 -0.2263994561404713 3.6328517687651405 -0.2218635057666159 -1.250770033923106 0.0023158395156402784
-0.7976173275154741 -0.045255430794559924 -5.42432172304787 -0.0008995449224295576 0.5024459351906475 -0.0007323634444807947
4.249335230721334 0.1707015314712261 2.0076299259580366 0.21908236838273726 -0.14831005893737337 -1.0552881217759768e-05
-2.7385070729193566 -0.13625481645235824 -4.6649234981149315 0.07037230772409614 1.314777344492759 0.0005410042514426703
-1.8916139896184 0.05379421075929334 -1.6737948881278069 0.07086683968417287 0.473158668582118 -0.0010921600705145523
-4.422849294555354 0.06944110258859577 -0.23496369653584231 0.07195249029486478 0.5711360298404156 -0.0011048510103789004
-3.757198207514321 0.1898826365241402 -5.6431127613386165 0.054714211518102476 -0.9750477916129692 -0.002731274364350809
-7.8505825160544385 0.17804013840937186 -3.1453781777540897 -0.08458955590873903 -0.7186949964140429 -0.000660506666509562
4.244249249420139 0.277306892361487 -8.521839226705403 0.009475084009747892 0.7772883308451616 0.0022942740285793136
-0.12628679280912844 -0.21015283848496483 5.839232925125259 -0.0785763269835476 -0.3412818879429656 -0.002363083338964966
9.35513256507534 -0.16628741680672915 3.131628272926673 0.03968563888423132 0.8133711214160365 0.0030892340100348924
2.046898019202327 0.38003907230835615 4.843549009210177 0.26307446684977037 -0.48792507602867347 0.0010078420678379088
3.026400637286627 0.01905038332899004 2.689358186140977 0.008110448820991484 0.38657783063972667 0.0018027386998039293
-1.4250560701745125 0.09923180225597095 2.820827529044142 0.07040760547646913 0.13121879254744465 -8.645657236035387e-05
-0.39717246334897727 -0.24789722904289654 3.6895633954664975 0.11729483969535949 -1.2857067872723313 0.0007710279417550563
0.7889451376317966 -0.02595460067349732 -5.558520468571139 0.0592559242433927 0.19028135030976454 0.000313081512013218
0.5945408935486247 0.3361227659199588 2.4948747331521983 0.13202255805421237 0.7729642993152138 -8.52842908192697e-05
5.881404347914142 0.09285484873622617 2.6831863448800104 0.01882581537824012 0.6070143192606503 0.001979576740896589
0.4750954511637006 0.06773131711462714 3.5838284932989977 -0.08719220947306125 -0.44504597025840875 -0.0014050608043208932
1.098703957039877 -0.21376275452531668 -1.73636563961831 0.1567666898057153 1.0469642283852312 0.001057829064913043
-3.687596276493281 0.22269087566968632 -1.9814357684406723 -0.029035135526528595 -0.3413603463257393 -0.0031363150288985517
3.936975890667908 -0.057606830497904174 0.9454904874242852 -0.144790357261862 0.5376026996684945 0.0022058929041787988
1.1949066076426398 0.022240053112203034 4.281370599264144 0.08913503904708131 -1.418908311169814 0.0010557417965385706
2.6957626658842586 0.010908931857734347 4.771147344844117 0.20179579328776256 0.9704292516878458 0.0015132092099359147
-4.673649314324665 -0.15172414178340518 4.10704735756013 0.027471679687381165 -0.5022989147725523 -0.0029802772375751444
3.677460400236551 -0.019836164803637892 4.660788896737214 0.1924559723217444 -0.6857598993854892 0.0028506135148361916
-5.611654860883372 0.21819704136837767 3.5891603996858152 -0.11721195689802912 -0.2851921604024398 -0.0027973911939828734
0.743762457330599 0.11402492013310117 -1.9090933445404683 -0.20774368814957278 -0.012115342686118318 0.0025033167010056917
2.8822439170958263 0.08542233989393604 -1.08671832120822 0.185088684501088 -0.21471616674272795 0.0004904393563131313
4.610729007688341 0.35110397239752944 -0.5753180770451325 0.0047204540964377595 -1.6344034938737584 0.0013218455298019593
0.10389816791565518 -0.06255054214801557 3.3334979931670077 0.010756039455087853 0.01927410805868591 0.0027241033894936893
1.4828374726897926 0.22230876144727676 -2.5869019121390506 -0.18056219440175653 -0.683521875534057 0.0026339770762000125
-3.1125323797098976 0.08153631622933803 4.596913448585915 0.0577240865411639 1.2523314998063213 -0.0016263948438008599
0.9792193108917786 0.015729039879574698 -4.053244079635782 0.004736044613361142 -1.200912390203181 -0.0013334322279359317
-3.353027285783782 -0.018901232628836147 0.9189290993542774 -0.0728632615781709 -0.3783494069562351 -0.001433845724487057
-0.1832975304235931 0.19733830507144107 2.9875150604474827 0.032790121284625225 0.07976609219129487 0.001013082525934048
-0.40397214827244876 -0.19823879107995354 2.8730587782564516 0.014015553680773956 0.30941790760842813 0.0006195979024094172
1.9490470788038021 -0.2242137581789862 2.5123170672947546 -0.18497987481399117 -0.8344835460008576 0.0017789132557609806
-0.7595421116241843 0.2646807952618486 -2.2650298511628244 -0.01913379306394664 1.029265516952346 -0.0003151694473285103
-1.1327480554345764 0.21166575151405428 -3.4116905836102154 -0.30993030311187697 -1.7597100937822563 -0.0004116278780346132
-0.13196508910178065 0.3066459787809677 0.5432419128987519 -0.10074013039926057 -0.7268297573582019 0.00027919027311500513
-2.380011317191486 0.10333283848631603 -1.9893712510988828 -0.13746816648831298 -0.8884534164106702 0.0004967716273757903
2.954991652929276 0.08784954154873709 -0.40786532459065816 -0.04406002764983299 -0.46925553960204436 0.002913248618481602
-4.499591028540116 0.22103842709070087 3.4943522081908887 -0.09330579793880713 -0.302182265050831 -0.0020616311048938965
3.110236416289171 0.04612962917542481 1.1796670089528951 0.01541836881983409 -0.4015777074286767 0.002146997286383653
0.7183204442529173 0.31313946511130625 2.899558559019511 -0.04263975060558657 -1.466478025795042 0.00019696664392575869
-4.2705293650081515 0.0026710263963531998 2.503791940254615 -0.10337457922898734 -0.4627953009732351 -0.001577193627092317
-3.9161817498501277 0.05725108956692425 1.0914977750861343 -0.24792721930689046 -1.138233536488332 -0.0014040993776031554
-0.8540968210377993 0.28792434291659474 -1.5382393875842044 0.06462991590873457 -0.6499609693475097 0.0017136956875106622
-8.70446513376504 0.13096166448541702 -0.3021287529416313 0.04098448648092278 0.7418639925414154 -0.002076821330046623
2.5326165106382335 0.159750662039485 -3.7678311040940744 -0.15488231999717017 0.8788929780848338 0.002039687929649584
-0.7656700675513709 0.20461437249151596 4.825397445684977 0.015430578893144791 0.04946352200862738 0.0007316449665982674
1.3315173691961526 -0.15418795567388197 -3.5111588860687686 -0.03322309045459164 -0.5768580265976805 0.0011105951258418374
-6.747684849648933 0.26817572619913654 3.825069111998232 -0.06399884509099245 1.2439797992467974 -0.002090702925117858
2.2934182097988054 0.17214965895087825 3.6279028546485597 -0.13778368310950267 0.9146371498064014 0.0010931537130638783
1.1060917203097447 -0.022922597203782813 0.769867360723946 -0.17467523779137784 0.02945317372643404 0.00021555754076023258
-5.512758635245157 -0.19682497735421436 -1.304006122806859 0.3086019549193299 0.15217918321608953 -0.0030872444797881045
-0.08455967449874797 0.14481908749837913 3.1624590214820114 0.16937790988502516 -1.5046527475196492 0.0008386853589835051
-0.31191830692174594 0.07729935930790026 2.5562683597436386 -0.002277391667761076 1.5119914415674658 0.00031888879398848057
-5.183786464539146 0.20865756281018155 -2.8359361760854007 -0.08039081457560888 -0.4787717512069973 -0.002794454365482558
5.207279676246679 -0.10580879336828913 2.047195380217345 -0.048720693189157255 1.0104119211971012 0.0009146851378630068
1.057737097250731 0.1058898463362843 1.3208059835739372 -0.11053647147868642 -0.4017451901998426 -0.0025246313178758344
-2.946097443860894 -0.08594990390782858 4.3898651292309285 -0.032007783369086294 -1.537905566543324 -0.000679671615474068
1.8799869757927645 0.007402292609044141 4.3265306090858004 -0.28685546462617834 -0.5634396033615403 0.00281151373030328
-6.236343038624629 -0.19419814780751157 -0.763668278626052 -0.11830461615292236 0.6986760612522012 -0.002874555969840352
-4.181369141351906 0.34442255170126124 2.830274476466687 0.15465348166764065 0.8095411071341533 0.0008044577771311588
0.04972301351182973 -0.02307352287446603 -4.426146710791945 0.17821660790028107 -0.7392450237352937 0.0002891605138856619
-1.963572316398001 0.11984376632621531 -3.023338941407168 -0.18778232539353887 -1.0528891300286045 -0.0024766176008233706
-2.0291079511404577 -0.07403402432986796 -2.944040802463909 0.037397412533127755 0.8954832327524086 -0.0023773880597466484
-2.8188082436840745 -0.029977523186168344 2.2482749154347754 -0.07111674061152906 0.9844340587371692 0.00017337563404292046
-0.6836861235254504 -0.3182056464090902 -4.520843625821308 0.0502931768682782 1.4254839615495658 0.0001384626948024552
3.8153613878623958 0.11142239039537094 -7.675362849529977 0.05083205212867709 0.33706276439521177 0.0022289708592318105
0.5640672519700785 0.41983483458104504 -1.8233023443683538 0.03954449550675179 1.1857865794792377 -0.0007679200919013001
-2.329199324607844 0.17926417020587315 7.39317405978831 0.1534766113349181 0.25654654009867306 -0.002460322031340202
-4.050043243931454 0.08740234179964655 3.870467547409887 0.12469380506762259 -0.20631119577153428 -0.000688013064993899
-0.42060220868438264 -0.0008003205996617671 -0.9459199782875461 0.19906923578895105 -0.7997417727728344 0.001163453508250279
0.3344867278501783 0.16252014410865429 -5.191016525996797 -0.17645261381297087 1.0757186582472094 0.0010496309897045579
2.3150743981014594 0.1830174808319032 -6.941929030682513 -0.21362962492176918 0.44725957219738954 0.003435051717656186
2.5503792311615783 0.40201706972762513 -0.7910754579825123 0.07218405274137144 1.6253586431162867 0.0010760155147320624
0.48831948464897124 0.11870832951089451 1.2949640853833746 -0.1709328310332352 0.9341458478138983 -0.0005297863419552708
-0.8354864620362765 -0.23913065331457392 -3.3774217535192195 0.07193597566088962 -0.6582698146366199 -0.001417721047273826
-0.03867148751245239 0.1327876008811292 -2.192541444451739 -0.01234353646579698 1.1230609843469752 0.0015329705965077497
-10.873638878327874 0.05115930004321594 -6.086350002018052 0.2807704030762953 -0.5141585490123384 -0.0028587981550844328
-2.8497262135700883 0.1383408871213133 3.2718303073829875 -0.06582248161823889 1.2680560268640273 0.0006781997295151552
4.03532246831023 -0.01215639155847718 4.193794223359291 -0.031113711534517238 -1.2024575835667222 0.002184416634138283
0.27076846245207115 0.15302754222290785 -2.445915911027674 -0.1036678749258372 -0.03506643911617113 0.00047819606459286227
-2.612039066766777 0.3116929834727098 3.995616548455279 0.41814748170764543 -0.23362416661872437 -0.0021083568120791414
-1.4008680430138785 0.09434909359457747 -3.3189694991614163 0.14495641018022132 -1.041993250712097 0.0012953210421736818
2.044334762900435 -0.31727056423155015 2.7256046637863736 -0.4079894061149651 -0.7310138894170972 0.00036270660710865157
-2.5425813394854373 0.011482301380861006 3.7283260377971503 -0.24373005227156963 -0.13101968579105933 -0.0008693285680292258
1.9552196346528001 0.21423814476800704 5.074593400558552 0.004206017025648269 0.09480641389846994 0.0012240844950392226
2.403857333036303 -0.03149679278313269 4.947168825560973 0.00010033430935642378 0.6596316160373608 0.0029528779437049987
0.2953886764510558 -0.0455324961971928 -2.706657787605037 -0.20902122931636336 -1.2265210646976101 -0.0007382419064447508
-3.98413402332573 0.09231995061160883 0.5691575298632926 0.23029439539509466 -1.2880485688306864 -0.0012406036792319225
0.08345238425566974 0.011608599402924162 2.4550513469173327 0.06464109330677734 0.5223435893204252 0.0018383545163412666
-7.465991149263933 0.0900026485944551 -5.906520989010063 0.05161730985605679 0.4557006451358212 -0.0024160724442039688
0.6972522755040612 -0.3219672355364962 3.5831326983177636 -0.04853662704267237 -0.03679735740662417 0.0031269521736297934
-3.5083002109540473 -0.16159433272786727 1.148375610878451 0.04585777338836434 -0.20290577569163634 0.00015269726746945889
-3.6900893904238754 0.25929233177396077 2.74635909547505 0.23017450478071935 0.5324246551381806 -0.0005433621606692585
2.2455239889863243 0.2985400762021116 0.30912541809793226 -0.10334968577039706 0.7717742095838656 0.0011732000983577082
-4.153326746773119 0.2868571409890214 -2.8378921234493975 -0.30253226234382247 -0.4770100122779359 -0.0020271628076720294
-3.0365057585208874 -0.046055540607370625 -6.066430741613611 0.07936202199548474 0.2726069783994313 -0.00018555254606796633
3.2457356563752984 0.005574483776809144 -3.785680612019768 -0.09085848548692611 1.5630725290166219 0.0012557100676598028
-2.4252054248798545 0.23956041992842964 4.793819657119287 -0.03365426627108175 -0.8484097695372579 -0.0017795222716494089
4.46149356424815 -0.08137193370304459 -2.8188643314516395 -0.2339773315736296 -1.5849632646863463 0.0008932053525454533
6.759792613924583 0.3759579674017327 3.467033456193716 -0.11970065371110516 -0.434580415698874 0.0024692672881397567
0.05420142920502073 -0.01780711144298135 -0.06545945510977522 0.0006296451034229401 -1.153989672693829 0.0018496029348745956
2.524956709255708 -0.26920800379049376 1.0774524820225257 -0.015378748393888359 -0.022057440213589453 0.0017640160616995972
-4.294048195514285 0.30302214849957865 0.6380951386742 0.43857548238139843 0.20269770916518498 -0.0026644195720573294
0.17870348662790042 0.027293673589556297 -0.07635560101461739 -0.12329283870500785 -0.29221713258892473 0.00258793334501362
2.283919183853082 0.06153320635805556 0.947753094185592 0.07225173568066708 -0.41585334865493323 -0.0004935210986858065
-1.7623212258698207 0.06479267278258383 0.19208598679902625 0.17983835859499847 -0.34457698445300927 0.00024244421232064452
-2.513267555612576 0.24989707542385461 -6.660869264284665 0.059837841415995595 0.41746396042017964 0.0013174135708318292
5.146200736716756 -0.021147736273825768 -4.603658724320383 0.3162102241104252 0.7311064471177726 0.0007682946156471636
-5.515058750339027 0.27191756015516083 -0.18879748401319268 -0.06469943301137432 1.236197120061406 -0.0012030792821178134
-2.445437748516718 0.29945494812316487 -2.95861613412915 -0.0872229552783713 0.3836320158091816 -0.0023922216825516865
3.532468056223918 -0.09637922841106392 2.063318752386729 0.19190372910666695 0.3028205427297351 0.003398621607078069
0.6642001190719636 0.26056889313643616 4.654189076695969 -0.20242957780862994 0.2990630504639045 0.0008369185248687403
2.5889384066292607 0.003359301751342395 -1.7475624865289767 0.22527181919766245 0.5211340031984556 0.002195715213230872
-2.5855913821830274 -0.14890165015605353 2.018346105269307 0.022696432794973527 -0.4139785559947904 0.0012383901901151608
-1.2908413837247177 0.13390081412713858 -4.447138913435359 0.2035810049076625 1.1413999389835336 -0.0012464345989389941
-2.1849282665772827 -0.1300477141071316 2.6624707457473002 -0.08309168588242216 -0.5184959674506274 -0.001748707862926584
2.4802841352329588 0.2386531681019203 3.112499353293026 -0.09426456805000549 -0.3734269234047389 0.002919414645225712
-0.3398115687599975 -0.22833532847826224 1.522240317368775 -0.09542071550238511 0.8753629227618719 -4.6498625463481606e-05
-5.027915581900392 -0.09758130424911514 -5.6159858488111425 0.024754993652668044 0.3615557647932688 -0.0005715796072135513
3.791276679874704 0.3645347104660403 -2.599263355752426 0.00358357184947806 -0.576120835861988 0.00316179061413681
-0.6663084639217521 -0.12729242309349276 -4.020221679992524 -0.16774041544589255 0.02923185392907802 0.0018200706916617823
0.9536179656844677 0.4000628251598073 -4.025510992453602 -0.09033011753756351 -1.1941664683126783 -0.0011264764541567517
2.7463390782661916 0.4561776741349383 3.673807128458208 -0.016454234776706163 1.5031248418631389 0.0011229380250021982
3.779435011865567 0.22265019467827718 -4.9172056369594355 -0.022227204401555144 0.2142092587363105 0.0025936966249953965
-6.212406697168217 0.18516967350548794 1.9599108740991769 0.11200376194130592 -0.897209395916036 -0.0018987442714859571
0.4132959920761222 0.08065693105843866 3.2017358199474093 -0.008250781859015887 0.5010327919556677 0.0003097727523128144
0.9708873101030371 -0.1324617607559813 2.2394195454414567 -0.11770353919211683 -1.2830748711758015 -0.0011382025951434543
0.013235737577853724 0.12367704919573547 3.2706399958461954 0.25111201578281256 0.41434071035924264 -0.0023639280256665903
-0.8641963969637316 0.18634958251639855 1.38402006725763 -0.09399680074059351 -0.15788663855535973 0.0012178410667022003
-1.773076961011014 0.09434088635638903 4.084878708536705 -0.23124177248698172 0.018230799571540997 -0.0008311977727311471
-4.997578208609326 0.012076045832187902 1.018182793150339 -0.14034406884360015 0.1582003940450593 -0.0024049505857538333
7.097641530875286 0.04918883757861634 -0.5898939792543335 0.02201840684219974 -0.09423563753274976 0.003323580875757858
-2.5346709616830276 0.04184921184346426 -3.433631453319276 0.2516974703106102 1.2034071467526632 -0.0011895785651638065
-2.484124203288262 0.1300004999638766 -1.8196422907663532 0.012760447806148562 -0.9047492320877083 -0.0008284794674743807
-0.9485253557962988 0.341576023291441 0.25650275115710236 -0.08963514811390672 -1.5562620720054905 0.0008261888552611936
-0.16679642132984024 0.48029552706953893 1.6446290838841267 -0.17244395001292828 -0.4668915249356733 0.0021709065968879377
-1.911567534021949 0.028604942006695874 0.8190509823222075 0.0032334815825602503 1.2069110019807006 -0.0006621124032821024
-1.399721570321576 -0.048695112495309965 -1.3834016314633903 -0.03277073154421358 0.8158089950975328 -0.0014977634298074171
0.5561837535734238 -0.003453089889732222 -1.467127797467966 0.1678747957148467 -0.4333088344387176 0.001406584555567778
-1.502912081840358 0.27833169175208944 -0.33626721957547706 0.009699612087914665 0.5057543876446603 -0.0023667837084517993
-0.3741821296700124 -0.0070334371850182134 -2.198532886157183 -0.006186362640840254 0.09784445166591042 0.0016817924427343085
-6.229945075063958 0.3111862401187508 3.7796988897601334 -0.10168627917236528 -1.0445693417755673 -0.000758574561066359
0.3255596769830321 0.3428425553359739 4.369730637846951 -0.08729971412543656 0.7115448217285124 0.003183941239224919
-4.261146442875292 -0.21075472861620598 0.7744517476298135 -0.05523925968198115 0.8518292537931672 -0.0009375415858540342
0.4852170870544537 -0.3652009399222257 0.5632471209847434 0.11354199941889334 0.6605522678246273 0.0010381206398349266
2.159378631310782 0.5039228215556288 -0.04211286925801573 0.1350507824560013 1.2834363765036774 0.00018907332007809963
1.2429322824024742 0.12679172205659525 2.378329712119892 -0.14568433503149947 -0.8598704826836141 0.001919766230980449
-10.754640714341575 -0.2453692059760647 0.34607909556264116 0.45741737175293196 0.35439570781457524 -0.002111445870657188
1.4769938098543696 0.10822387876871124 -2.2238532525461876 -0.058598994782020804 0.30126331478127305 0.003256662886365061
2.643199806872931 -0.1457566578818904 -2.2029901402442964 0.046876522504199575 -1.2526377362267382 0.0011083887941971443
-5.0207620080755095 -0.1751015098757452 1.4954100125870073 0.060236756552700714 0.2734151979162379 -0.0024065294626006077
-1.3523307724804148 -0.09513021391806147 3.6464191750629698 0.07207840514213928 0.49293656738583747 -0.0018863281488353582
2.546531111473986 0.21825346111921146 -0.15825799191567963 0.0008654927965638519 0.5049689077807379 -1.6171710553567033e-05
-2.72334439745794 0.070333935850803 1.4799657161817685 -0.036354553489928616 -0.09892227984553391 8.493150433856478e-05
-4.5987490236898765 -0.025191786665053135 0.4309782330421164 -0.1460592303571103 0.22713906297845932 -0.0021276691076869882
-2.321254521428489 -0.30734919144547945 6.408264653381731 -0.035751863675862604 1.3729578991932732 0.00021090654002490705
3.2688025246403973 -0.19008339749958875 -1.3050643461720546 -0.15717832370584103 0.8046260223648516 -0.00042520490156874223
-0.42179366623387693 -0.0776147294883155 -5.5464095673685625 0.17524414249311082 -0.855708488899333 0.0005162910153778544
-0.18655137669582805 0.09412517814171266 -7.67231596783738 0.017719205313957587 -1.2135435763587874 9.893840584331315e-05
-1.9644876531272597 0.06831855796115745 -5.518924535882381 -0.054904930525120084 0.176737936294533 0.0006162338608709561
4.044473294661132 -0.09840973887236852 -4.129757019542276 0.03350682598289204 0.3946741503204502 -0.001211680825917746
2.128159513560028 0.01890207823034024 -7.110024097299642 0.20461148150426028 1.174600292846285 0.0010238572279625525
4.358029587455095 0.1569367465322833 0.6374435158378147 -0.12611183909305718 -0.6344206827311797 -0.0006822367109649408
0.27240383354320297 0.13555861359910268 0.36894348987884407 0.02874896454667058 -1.1288158071116454 3.198883626096105e-05
-8.382359808967536 0.46149823271663 -0.9130064861581798 -0.009460197247477532 -0.922504744150958 -0.00230911371859003
-2.5778688854563265 -0.03894383562926361 2.069208507800831 0.06412081089055091 -0.9489788972677942 0.0020802381983197663
-7.910314605692259 0.07116408610839324 -2.4665058452011532 0.025878472603259664 0.6363313513968634 -0.0027180277690073665
-1.9123672264381832 -0.05960571077599364 -2.0945763556137758 -0.04701977540022558 -0.8139266932507953 -0.0007851171110534816
0.09316117254746809 0.2884074675546557 -2.6645450863196825 0.0690798506674923 0.8246677910173497 -0.002496274497391456
-0.19419287162651894 0.1315534611251588 -1.3299857764002527 0.1837809386979062 0.996984194206552 -0.0019449011565996078
0.41621632874464054 0.10552190247139781 -3.8923477429073774 0.09960395743434357 -0.037805664861062675 0.002439216256779198
3.0520569741058985 -0.16928549386120945 -1.605075029174835 -0.03225458203519047 -0.08140798876771473 0.0032190757310503397
-0.6396374016106148 0.12903494608183905 -1.4613593410986194 -0.257139019389373 -1.3024332292056726 0.000755043982991503
-1.6908911336205614 0.01963756403429452 -1.0506411340952067 -0.12809768928888443 0.12957140333754277 -0.0029828221539631604
-5.015083230936078 0.07011218238814686 0.45766793848768966 -0.11937697942529372 0.9529524026047934 -0.0020066324642141115
-1.5168580633028728 0.18394840766251414 -0.9928850699148072 -0.08910191405695657 0.9427714021277465 -0.0020167452400398824
5.143488464891014 0.08823084194495821 -4.587055982769269 -0.12386190054445326 -0.3150989155538295 0.00023282031644247247
-3.335621133942274 0.15301966293594324 2.102598844154232 -0.08969580725557724 -1.5295025867160175 -7.429755640764135e-05
-2.3253443445142734 0.2594474118232545 -1.6643513410983966 0.09533832467512549 0.5593553110305937 -0.0012024238195786784
-2.3160084262749394 0.3152429571010668 1.2898126545266644 0.18978683383102204 0.1722234549892624 0.0018567214119812982
4.429460196606647 0.09997438623520119 4.430302385515678 0.15333577680016736 1.0479912948331274 0.0007904404716999771
3.308920280297708 -0.0320091764759422 5.7367514095965 -0.1377259819055607 0.25208474808772974 0.0015129476062925322
3.1297702593467633 -0.2168556809367766 3.417966669353479 0.10650546858506649 -0.9434218605601172 0.0018741905334891903
-1.427964656008845 0.15474738334171848 1.698420535466732 0.02892328188321232 0.9669152435252938 -0.0026311042189937133
-0.9112111879434597 -0.07103137465078413 -1.3468556547792059 -0.05166519642763631 -0.8947407108389008 0.002785984802875322
-0.03146436379993303 -0.051323899500840466 -0.8286054144011028 -0.14797415039486694 0.3194348582967567 0.0021082841456485355
-0.05495274331112992 0.006894367753684624 2.3733893300782913 -0.11391732296539415 -0.7705920435541118 -0.00047132179397118537
-2.368769306040289 0.18247206153342713 -2.4965072813632827 -0.0031649582190793448 -0.3082073198091407 -0.001564428060175736
-2.6044434519009094 -0.0670292004850517 -2.2050182536360694 -0.01294521696626403 0.4474729363989724 -0.003356630433952183
2.740663887471524 -0.059119740030086285 -1.7217127907539511 0.14197910569928246 -1.1362133826295229 -0.00011419004904611629
-1.5988415911414164 0.13090313470537826 0.17406859695035837 -0.06027647783338301 0.24957991331476817 0.002406493595977508
-3.2264201820797305 0.6377886975952857 -2.301353557756688 0.008042512908346526 0.21478311814186934 -0.003311000325205844
-2.1126622114335465 0.36417862512113497 -0.3768068432687574 0.14271466645324138 -0.2215458930929971 -0.0008099865593360872
0.3939354845857018 0.41367976241248644 -9.273389287479905 0.007963857228255019 -0.9457236456099607 0.0008801387989752616
-0.3641178717182455 0.15200346195330922 1.2048676577557789 0.2788501191552066 -0.17358628885359945 -0.0021695947809507584
-3.8598221571172444 -0.20736225067105546 -1.3966591907054835 -0.3338503257499503 -0.9551445117489562 -0.00037677720222688917
-1.2795953864588026 -0.04971401296238223 5.822535469912499 -0.25112358779064214 1.2518363528340706 0.0019987585697062568
2.860395280898687 0.09458434058274849 2.632653855844423 -0.3169256886313159 -1.0905057473897521 0.002337655133044419
-5.122711386567147 -0.002007945318213588 -6.116364135842852 0.18824169251300185 -0.29916629539806255 -0.0023241077585638
-4.952157728197166 -0.2231681663009818 1.1351240969117997 0.09969418007021613 -0.48131754730671455 -0.0013493548843616949
-1.2207081933890316 -0.0029451919597039762 -5.075205214411405 0.07883170709633812 -1.3195947335538478 -0.0011923071320706607
1.5584666794447124 -0.08880177305819384 6.018690042049246 -0.12224642203927447 -0.5006590394333335 0.003059341025017381
-1.427277406182954 0.23841584152124987 0.3568658230992151 -0.04338454053018375 -0.38935716471222803 -0.001770066978065704
-2.6253634471599687 -0.04673048548281762 -6.8309308731665315 0.10912394286266583 0.002797084005875451 -0.0020083740684709384
1.036614824104581 -0.1914849462643469 -3.0612111739109706 -0.17180836101196464 -0.5948691626795055 -0.0011410349909614216
-6.684068324627049 0.021260886251319038 3.1262497420645 -0.2746462094676591 1.3437508657820185 -0.0013566146168973816
2.7137099915668426 0.3096252561536518 3.9979972048914214 0.24645034333084645 -0.21788077509272924 -6.609493274799228e-05
2.9292682163930985 0.18556840975978012 2.1016043825520816 0.15565349078868254 0.6170042795888706 0.00230665536229722
-2.3243538993139157 -0.331215392236168 3.4466480204467964 -0.3180402478821407 -0.4826588443236856 -0.0022627006217972373
-2.6315919973380706 0.2001005091820922 -2.0060810740055834 -0.05380128248968388 -1.076290870110985 -0.00046826910717256623
0.07039144685500628 -0.05196322979542053 -3.6393128810300435 -0.250294200504048 0.17039064141987573 -0.001379953594136551
0.215152424939538 0.2691260945515348 -3.019539816219752 0.036125470451111044 1.1803245882836102 0.000653884263895149
-5.939270372681774 0.00820910904001359 0.2618723820700923 -0.0005789309212087837 1.1047739472099913 -3.0489698997417493e-05
1.089701652751632 0.09461670244457786 3.080586399312837 -0.19713312383340226 -0.15321951808589962 -0.0006808622464643168
-3.910748353734602 0.12571740363869505 -7.704180569237003 0.03244239430963222 -0.90359524624215 -0.001579342879238218
-4.517687042475638 0.01551124896203519 -6.484301313054712 -0.21334522378291387 -1.1135971308135573 -0.0013292529241583965
5.895856897749197 0.11062740625941968 -8.706589182096462 0.034087327943663766 0.3295009240679061 0.0033032552230405575
3.5287142064799317 0.029366366787604126 0.14756775117676035 0.05601202455317553 0.06501534426943636 -0.0004963452268153024
3.063430479478523 0.34781922324189846 0.130404263170067 0.19311172964707848 0.2691291540977637 0.002762571480368517
-2.2698896669834085 -0.08226078160422788 1.623630487499696 -0.12227933212811905 -0.14980469832824972 0.0006761972512205254
-0.36317127866588195 0.031152747775769023 -1.7526501539010537 -0.08885325539010472 -0.15037934885965223 -0.0007897828598613898
3.673552023549318 0.3438461897618765 0.153015907945983 0.11932200291541403 1.3242139408760347 0.0011076419624246735
2.9947494557206 -0.02669408178095438 -2.860767540246071 0.14027007403325262 -0.9029207787528832 0.0021424905418656044
-3.1387603046663197 0.18769137902990085 -0.754291467576023 0.027027659938624063 -0.09049964861679334 -0.0022567492867712636
-0.20865465263364608 0.4085450677443058 1.9294481738338338 -0.020949867550832314 -0.031145672436262428 0.0012394711630964563
2.3130229336672476 0.16974805087719794 -4.130596536478238 0.07680272370220914 -0.5947993503468235 0.0016203107891526764
2.798063050124889 -0.03476798778601102 -0.026562296315448604 0.0444097655100475 -1.74388957302245 0.0009364426858786645
-1.6926226957547914 0.06793640287036208 0.0871718660738051 0.024156072524380845 0.2570719205595239 -0.00046578048995062727
-4.535175194922868 0.10244098903419346 2.8712282769958333 -0.026853775365699488 -1.3964331189217716 -0.0007692541566637461
1.7459098495025547 0.1295893120405651 0.07877024130649758 0.08678660213913553 -0.9124334334519794 0.0005934359520879253
-1.2400197348411592 0.21651490736566423 -1.5417114765928746 0.2348702599217264 0.8581617700696854 -0.002022260055231653
0.5513679048251077 -0.19104669754875342 6.644442653593068 0.08020576243082322 -0.07893472384736165 0.0007809846897111595
-0.32890399912957247 0.101608602083699 0.8582995385912741 0.11841149569934628 1.3843754605664491 -0.0014499670566214178
4.810635999210663 0.07780926955204602 -3.369613146071791 -0.11210457436837261 -1.5646453988822895 -0.0010401077324157094
-0.27628657916894905 -0.15366880900123028 -0.5320902409409302 -0.1036361722802359 -0.816029682882159 0.0013165377688215392
1.0008083195714106 0.04028086687246707 0.7456500176580554 0.2972496893994944 -0.6592715914541797 -0.0007327981584070073
-2.6771566027548874 -0.1522899719811957 -0.7460381446165235 -0.05228365501849627 0.9951457328258559 0.0003186533558756981
5.792053019641316 0.23153968833460242 5.329744536542001 -0.40084513829034607 -0.025174900099683584 0.002889417300208325
-1.2010996002919825 0.15876188899976057 4.4749098278416195 0.24592546363334675 -0.412027403207824 0.0019878538359290082
-2.3030250045691796 -0.254930293337465 0.2855998938388313 -0.10563452283846178 -1.0335820337222699 0.00017626949858935958
4.765738561695423 0.18664259114600448 -0.12017918504899518 0.1447329557328451 0.8981102378035599 0.0014024930120576
-4.3528319237694895 0.07146721765063899 1.682456925350932 -0.10433955709315179 -1.0033666885052284 -0.0018140309775746184
2.077931942504915 -0.08212317383750144 -1.7363437341062393 0.133457131497067 -0.021649149965480723 0.00017453774666281597
0.1810886796366263 0.0891783965762149 -1.1072469235127491 0.25258136187551694 0.20996515663408835 0.0020853554323607615
-4.790284622993467 0.3165723865336891 2.1100045973147097 -0.04793854920337834 -0.12313441921529808 -0.001942195415758003
-1.284822957633755 0.2636216327984701 5.189422614756676 -0.06272942493386471 -0.9383210956676267 -0.0015496363228112982
0.15716985079678303 -0.016670277399262703 -5.592830350349522 0.04350564827215982 0.6019920653400908 -0.0005090094647440715
1.6377078829236522 0.14002872507315128 -2.7155904165740385 -0.15053774334617526 -1.0826724996795298 0.0021135331273208964
2.489559661154623 0.3642181989022923 -0.9664691639047246 -0.1313690880135986 0.21249193640027655 0.0015406730872446622
-5.387868296745389 -0.2687689814342976 -2.231732785010817 -0.13501687364864698 0.9544650319420201 -0.0011222061537168706
-2.1242705217436173 -0.04778368758063642 -7.044657505510806 -0.08969518021458386 0.7919574834357496 -0.001841588674380268
-1.6277411433422546 0.17218609511330946 -5.209903026845321 0.12461443976956771 -0.3477124714348581 -0.0011041573640085964
2.8566987370183035 -0.13992779490192409 -0.15753493476263525 0.1725205926425236 -0.6169726514773777 0.001681389827473704
0.2939634059888004 -0.2575683249835422 -0.8238494868434116 -0.13168994537634066 -0.33248060457503065 -0.0001210459636189416
2.034473028868256 0.0659384864311466 -0.580645042962406 0.17615650305022754 -0.04885011936445146 0.0008025938776603105
-1.2490010594649927 -0.050511300470361856 -0.8205606884293986 -0.015477306919264858 -0.3994795009914041 -0.0015228339118117714
7.780033612218608 -0.0029254197839967888 2.672577518437971 0.1359990763725646 0.2454867191316339 0.003288777876287585
-0.4195260382047455 -0.016601099399337182 1.9121353558319982 0.44818380130705254 -1.1225688062739494 -0.0016963003276840168
-1.9615835426939707 0.2774060401351949 -0.4973302073433645 -0.015358764991750245 0.5961659223338716 -0.0012979902095909522
1.9492423518011937 -0.06242345514362706 2.599168602937399 -0.027121386617171887 -0.03686226509990321 -0.003139830534033763
-2.517226335615535 0.18490782741685907 2.714202986898202 -0.400686895817053 -0.060938290960345406 -0.00046621549354520744
1.9454556250779915 0.06543402079797521 -1.7723978877230078 0.24247697861853507 -0.4540516059557599 0.0008391586200113768
7.275599109766958 0.110002144748085 -2.3258180003701976 -0.0015827932615443028 0.43901350750830814 0.0015046763199117014
-4.359061417839735 0.03569728928243838 -0.8298770414605173 0.2878171569354628 1.4271565879799692 -0.0007042454901276676
-5.121921229279016 -0.24799497403421333 3.5004216524577454 -0.046962923230072215 0.0302963460899065 -0.00312377379932999
-6.2001579568130145 0.1733682988312786 1.7179416537996597 0.012337622487912082 0.58053432174765 -0.0030427786788857257
4.768320300349862 -0.01934665311960332 -2.4646358822824554 -0.1883171806885377 -0.41753504425908733 0.0013315838815593191
-3.55447743945375 0.07500373957683878 -4.986830245801975 0.10208792411008596 0.8732949524233181 -0.0013674550965675615
-6.917620387918637 0.1180679904565813 5.549635539845795 -0.19443883204656462 0.19229417036307378 -0.0029475881989150343
1.8617472779840516 -0.29054922616541584 0.002048636376162886 0.06124269575045982 0.9316039141585096 0.000405877387552116
0.6066492221333823 0.06473282604982063 -0.6387308596488586 0.01688158758505889 1.137076300524201 0.0024443349290487566
1.227078416235164 -0.4122202636430416 1.48299571568625 0.11135281544541817 -0.8799343215513702 -0.0012687650437775756
1.6624526098677734 -0.18318834965335057 -7.591086699160897 0.01921596554268583 -1.5141853327221626 0.0018732063379776908
-3.1921641501630393 -0.16403619740520364 0.13977981264930472 0.04809691139604952 0.763884237777188 -0.0025853652598476834
0.2776977368829959 0.35584246537051606 0.6691090244736341 0.037219318502098725 -0.43313410750965864 -0.0014041263539303133
2.5968799763531982 0.059427405352562634 3.0815167218281294 0.057719216415944304 0.7822514254337364 0.0014968740803662569
0.5469114027316664 0.1513570429757579 -2.929552906696069 -0.05837470248910581 0.7747547993848095 0.0026999217329721193
1.541272727412 -0.02771445442426618 -4.1491342554454365 -0.2722757604261279 1.412215195081244 -0.0014140366474825487
-1.8388537272249692 0.0744553900922817 0.06762487810362139 0.013415168799919884 1.0574286081036721 -0.0002728064475334113
-4.916271434801281 -0.22167101423318328 2.1639662512936906 -0.02142612072744329 -0.4214545576411711 -0.003218705021043489
-3.3172434474605415 0.06179801682921789 1.1836366754147811 0.0885484618100796 -0.4765450741709235 -0.0017556136718351
-2.3646370078836463 0.03810531089247461 4.257674627136642 0.0035887754720227527 -0.6788464230034041 -0.0009654776437421937
2.040558897997042 -0.03719643745869855 -0.9040375272976424 -0.16763684077146207 1.3897862994614503 0.0022216548928424293
-2.7924517612388655 0.2975221450981751 -2.155913478566937 0.34085607351196584 -0.9403766979054986 -0.0006427898008907533
-3.6167098353679474 -0.08420810988012059 0.8556370930809797 0.484976897063194 -0.5937712941406509 0.0015003995619983295
1.7932171171610432 0.06518837101404222 -1.4326661286220763 -0.09229835586576014 0.944245566398813 0.0016656983438429309
-2.302558463831867 0.0004768880878939043 -3.7162355024088076 0.005498404411333551 1.0585998012728504 -7.731850402643925e-05
-0.9374526495500775 0.03691614110398992 -3.9787357295544314 -0.12438965621973798 0.12955659153947108 -0.0026662326433121984
-5.265206700491046 0.009724075842529396 -1.8990617222671844 -0.0051877901658892245 0.4094697418237138 -0.0011802425414455832
-1.1149421283047745 0.1242395751626353 0.3621486328495878 -0.16538829431734545 0.9996469446163028 -0.001325093655716022
2.4754831824589267 -0.43862380561416486 0.44569105920225044 -0.32505940305016323 -0.47213767856263883 0.0007138726058887529
2.4237281688579966 0.18851572698533894 2.7988573086222743 0.42123984703594963 -0.8240761237870013 0.0008211054349677705
-7.253312812514774 -0.08147178774298192 2.7584934437718225 0.13952903974289857 0.40437303607308855 -0.002001314303914502
-5.0233122172979225 0.33487736486101044 -4.091601283300669 0.011792631981553536 -0.03785003667905544 -0.00299072573766622
1.0369873006452588 -0.16035333504928445 -1.98406394410599 0.013175311851981583 1.40777175437218 0.00046323320903691377
-0.17721610676224425 0.06121998849267169 1.859704650459132 -0.07150665287061526 -0.023302123706416364 0.00011810348782557779
-0.6515265598234704 -0.11724857920807231 -2.463387911051967 -0.0800275569808048 -0.3798265591572508 -0.00012044110004943676
-2.9736730728920158 0.21431011044044615 -0.45069497169409317 0.16225910776473804 1.184471678077501 0.0007309192335197406
-2.4522533045166877 0.36259524896049483 0.7796162427421861 -0.1512260294870036 -0.2292383480162989 -0.0028421679557855592
3.763131909783483 0.053577285545874626 1.2124240769532968 0.2179073075886488 -0.3939914682595001 0.001947546999138491
-4.021217026704549 -0.05368999424567624 0.3224158199931269 0.10459761361327975 -0.7677485052087939 -0.0030070694205512815
3.0028416662515798 0.19167029037411368 -1.4879164681871409 0.05959112685152037 -0.2730400097227738 0.0026771523656846778
4.289585444974295 0.050639284820843115 -4.056205394849033 0.1067558637032922 0.5186685058395838 0.002831750520658333
5.300045642160296 0.08841073651671931 6.255221233922898 -0.13360100528539987 -0.5199545159496507 0.002900375671471857
-0.2755846935223688 0.2813872733800351 6.5297687160442095 0.06270980180270835 1.2837308502828904 0.001608285518278124
1.3111970065430332 -0.29200742062516244 7.136850762276334 0.18152471932002828 -0.012047756924538829 0.001654362059122371
-4.049364380640764 0.1670126995233225 -2.324427549216795 0.07728048041218065 0.15307499201067223 -0.002986493679311936
0.6822938287187937 0.3123083119755908 -0.45475501697454995 -0.05627946117339194 -0.9396694689665437 0.00275642908572065
1.8778901175538276 -0.1903477401461859 4.963320666703813 -0.07145402084003523 1.144265049368276 0.0002546898657943739
-2.3640221409698454 0.19054666702184234 1.2457038597504773 0.02467718440862598 -0.12896421239323852 -0.003051314405725103
-6.325112406164351 -0.2109774038996657 6.373829151777941 0.042632428588588456 0.26500670986581154 -0.0007907133537648746
7.353555329764455 -0.012205564833907707 -1.955281817550818 -0.08036435149810682 -0.8724967672239371 0.0020582209756357583
-3.235067661061151 0.06997218466590263 -1.048458687835927 0.058473329798093866 -0.9217777657182029 -0.0001404797006189247
6.71034973736243 0.10125113248586322 1.5421034474735165 -0.053400823908616425 -0.9261018401547236 0.001472168721235268
3.532277395231007 0.3431414041278236 -0.28581742715364855 -0.15349592483194494 -0.4149563334822581 0.0024469154565312143
0.03870753763739101 0.611378365892529 -6.552489475603209 0.2143320348635993 0.4456743988584397 -0.0022468028392426307
-3.214601285566965 0.10190110778158014 3.1163327916794157 -0.027622335720808352 -0.22992577798868472 0.0005780172905841079
0.6905942588879113 0.057384967723894884 -2.340757846672608 0.03624104121215067 -0.43986526603607934 0.0005887851856027648
-4.787405594653852 0.19691183730792788 -0.9940081623675606 -0.10295707157366733 -1.115525680832398 -0.0008762102645592575
1.0515787115226907 -0.017677969661449456 -6.366418856116779 0.21538807624904366 0.8857125821025797 0.001301276955027686
-0.45759286193483617 -0.18859157338883817 -0.9208698921045274 0.1727801578076659 -0.16616868623434708 0.001540436980816895
-1.8058645278211551 -0.18739756983538436 -0.4393383564348219 -0.1577968346133624 1.6336473004258059 0.0002573699880035356
-1.817085869816811 0.057813221371352135 2.7782574105720665 -0.026183848188289373 0.10199070575524764 0.0011357453523247196
-2.7737582617663223 0.1474269913232249 1.6453902134285479 -0.08551292532387837 0.0818167639190486 -0.002797873665044493
-0.12327122775721748 0.24971957052928567 -2.260507745288835 -0.2732514577293256 1.100083996492342 -0.0022379388773538064
3.1359554545718753 0.33884184363594444 1.6194393604480308 0.000583433407075158 1.223842376320443 0.0022443469886245077
1.5720604878898714 0.1048635514279263 -6.893905216729707 0.04061639880743094 1.3325207986845808 0.000726960257773988
-0.8400627526352704 -0.10337119820965564 2.0639404202030094 -0.16116548075839063 -1.5773891283654267 0.0011844717790333225
-1.8939456444929401 0.2545778310409272 2.1884864967889004 -0.14045689837518233 -0.12854044004293097 0.0019441968871830443
3.838431548419987 0.08927229814028939 4.073628056731264 -0.21452360971846277 -0.3039421402760039 0.0026285011289249073
-5.166145115196471 0.1479982097337641 1.9008361642203664 0.21202540922275567 0.07322104026784879 -0.003005221638818456
-2.938870534784457 0.2784656276346196 -0.7834684976981029 -0.04308533699314969 0.020157792608745947 -0.00249001383948298
-0.8779750494029933 0.09074731161277705 0.17950618869078708 0.11269907746772677 -0.48732489841899784 -0.0009536190100420248
-0.1469161814941617 -0.04180821705328356 2.2450156186464705 0.08402290221123741 0.7370276257065893 0.0021482938321387523
0.3184864751971951 0.5838059624387687 -0.2422708197867021 -0.15065687995672755 0.01998121898838068 0.0003552779775038033
2.9973785568403217 0.021272936384139126 -1.4184325180526471 -0.07331454694447077 -0.7776139412825306 0.002615678233114788
0.26538634761229274 0.0790429750019618 -7.101428680264126 0.2103816662366558 0.6191344496783074 -0.00042148453660465445
4.080014158532864 0.2066929366055845 -0.7661511204970175 0.049825403538903454 1.2990693364213497 0.001790715692212328
6.151624500329753 -0.2429787996178595 3.3983375448110267 -0.00499349178715893 -0.2610087616882449 0.0017841278602267546
-0.06503601915282221 -0.2348351295062373 -4.439234460050754 0.007149123480938934 0.6763710943345437 0.0030125020709813937
-1.5066410773398196 -0.09938697462340829 -4.155641250198084 -0.030215379925430646 -0.002254626343057424 -0.002047376312275957
-2.5764099324735317 0.21655365027793252 -1.937607809312503 -0.01004764734070843 0.489054797874506 -0.002588174230114226
0.6885109583516036 0.17254956640168628 1.5314354078638457 0.06525655964625082 0.06412236449436516 0.0032121823210490338
-1.1958737260473322 0.19934407816041178 -0.7179174324332753 0.12393828846765222 -0.6202624296864335 0.0011795650711880219
0.3756416465162662 -0.0844816713757233 5.557917870029531 -0.04838374154167753 -0.503403272034172 0.0019435358541901905
0.9786614967039853 -0.055327454014673566 0.6660423133659106 -0.07919162929512628 0.0479373477322172 -0.0018096662748235898
-1.0415429003466243 -0.11918599877724131 -3.346546477940725 0.12416903952518529 -1.6910748041561081 0.00047150088543828874
-1.564665450476438 -0.16438034588797779 1.4743006379496773 0.05742526272883863 -0.6619566694888346 -0.0026405150650902513
-3.122474391249807 -0.10827263986809853 2.0318915068383845 0.0726440245047341 0.417854108744785 -0.0006894427139124781
-1.4608001717738746 -0.04036888737496594 1.5322123107154413 -0.07170595834830451 0.10559354769135838 -0.0018298065010483252
-1.960747008711702 0.18430946769774112 2.994511950755514 -0.06399825039723 -0.20910800660606307 -0.0014572906849115092
1.2456119305899067 0.06999136157168415 -0.8296559542518462 -0.21675256714889699 -0.588454127592547 0.002322050393260919
4.270421395032829 -0.10851963381802848 2.9723081178491144 0.18858004998778585 -0.012459687855920085 0.002557513864083222
-3.33442391368005 0.08191999922542205 -3.681352366285019 0.039420619305926725 -0.3584522756288585 -0.0014196172200822092
0.4639478083332713 -0.06183644015863348 0.9326187968195285 0.14601315481610644 -1.348727343198905 0.001917339028467766
5.1426252626265825 -0.11966702019626055 -1.3117626626746783 -0.14907664063331044 0.5218877181081205 0.0028518525616994124
-8.11820559711271 -0.1194579639334947 4.1312995042636 0.02205943094487212 0.2660550743870246 -0.0016680331165207418
-3.6676722849717955 0.36122339120371416 5.2504383278833044 -0.363987174992707 -0.9417019461228499 -0.0016790874442722049
-2.2829912214381474 0.1734527704860666 -2.124310088717886 0.19854993968689325 -0.3162019188438845 0.00038161372878928293
3.891643978491775 0.018373919031557294 -10.12324459873025 0.15370479289977806 1.2919104681184972 0.0018228402010675344
-1.470113116278816 -0.11240181115463818 0.5925892929355935 0.10882736329394914 1.0621237706245106 0.0007402132858029376
-2.8513673504600097 0.060006672287806866 1.3534454084748255 0.20245911999435817 0.714578169089882 -0.001047899976412645
0.17621243953016424 -0.12529060733098202 2.0580507318944226 0.06663733175183467 -0.28378255757951293 0.0008492541469196171
-4.861516922683338 0.22703411545234345 4.736879513285437 -0.05702990470287545 0.35815256897325126 -0.0020911960767454304
-4.127849707305445 0.059004318867691564 0.74179890754391 0.09479315568356438 0.9031657215043023 -0.002621092351517956
1.129421013303493 0.3069565250124944 1.1044531244392544 0.06109874991743756 -0.40558965821161197 0.001808364673435544
-5.614491054384048 -0.013805135257746903 -2.194548294192181 -0.15062171707835212 0.10224729870878159 -0.0031499672079397605
2.6312911302257453 -0.14877391108616062 -3.126875729481858 -0.0004826213693343588 -0.6863853772028955 0.002690977196911027
-1.8845542402700433 0.1000081184776213 1.9691699097629163 -0.051723009635170916 -1.5364147567731121 -0.0001808696909826546
-5.16900910660194 0.1588593850496416 -6.111815984576529 -0.08065568460751571 -0.3719591284256269 -0.0026776179092932485
-0.6572819295722195 -0.20754818906398304 -4.576251253838841 -0.0034754526039828077 0.8583903267245063 0.0017801393425738725
-0.5907525823655603 0.159284237016335 -0.6818895430936661 0.044623256116582806 -0.17449287542829572 -0.002304518673423126
-0.2288042471684155 -0.06282195146373896 1.7171915088915777 0.12569759317692755 -0.02698488779166825 0.0015658534728684856
-2.449700954754272 0.17120647940775327 -3.6072825032420925 0.0522698398519263 -0.6215962274842634 -0.002042643337990875
3.45397984279817 -0.14313312299640463 1.927060534677689 -0.2769239677973671 -0.8321495945916937 -0.00010359698802691586
5.590029330103834 0.06226860953132253 3.514447672647372 0.1247773699370121 -0.628646707650612 0.0020430194007374507
-3.115563520231109 -0.20814463296156893 4.946105314620243 -0.05461211168165697 -0.39133439050059493 -0.0031880954439535486
5.807535115256513 -0.08689204042474354 -3.7524664774073573 0.20716277345673287 0.5544400802508576 0.0025963463940433897
-0.6499102723965253 0.043764417260896096 2.083534794671396 -0.12058695790559323 1.2631700417001772 -0.00026786121560901143
3.5418567107533954 0.4455140819504116 1.6689004355036618 0.19488332228915764 -0.2729963899349421 0.002736443403261931
0.21126690384991104 -0.16347018394901242 1.6942506052875348 0.26998561149368505 -0.7621599671891237 0.0018166129633953743
-0.2601631590015615 0.18817529672400712 5.647847625302789 -0.0675126227477297 1.0863214886321046 -0.00044950113141731496
-5.326167385454566 0.016611912171441635 -3.5815969549164235 -0.20013303247464526 1.4254386980876366 -0.0006254775615324446
-0.1056248921996847 -0.0036505982499842526 -0.711173291661824 0.14307552318929326 -1.2237850413657037 0.002104799747266333
-3.8285963384029107 -0.1752328528617668 2.879298272569584 -0.11356473152014886 -0.7070421389639813 -0.0018157622969025918
-2.9695696993728076 0.2028832115011867 2.073869918364483 -0.0905576747187412 0.10211542445114177 -0.00283493511970278
-3.4545996343866605 0.23505499436772218 3.2177593520145233 -0.021512791871649055 0.48681513286578065 0.0008311663655050454
0.4778243582477693 -0.04419495149664848 -1.45537304819191 -0.0008976138543983297 0.09905181576665903 -0.0011040433141486182
-1.2470807862610618 0.2278061481149309 1.1417917238663398 0.0676585772424813 -1.1284320150110565 0.002173309431366005
3.3571022176176846 0.04538257044802576 2.3800900572562687 -0.18660781193226716 -0.620177573731217 0.002875208127877266
-5.6109781793804485 0.1658103644024056 2.192291206109031 0.12260663658794199 -0.3271516983548925 -0.0014120068027312317
0.14866826759006058 0.0869790518597765 -3.254419255886218 0.04904437010337181 -0.08444773863563192 0.0021635960095018635
-0.8256841359868109 0.05709711778282579 -0.9597798511366813 -0.23102852444965905 -0.6491056400630499 0.0013034926875492615
-1.3107497533944024 0.2044096058872987 -2.1637309095303947 -0.16355475047577825 -0.04073950677248599 -0.0004944898644444367
1.5280150960509418 0.016460466755553425 -0.1872925724314281 0.014759994249703659 -0.478403429026416 -0.0016339960887969411
3.8089203157205938 0.28610094362802097 -8.738398681434361 0.0033418375592627787 -0.37408671795493253 0.0030834829816010025
1.8141920756172965 -0.17468751707215155 -2.8053315213271777 0.05639680182333076 0.24051422699560704 3.836681316540691e-05
-1.296369033728858 0.12240936621561076 -7.839427172626083 0.16857778612714044 0.24313007136967923 0.0011419151820319042
3.8935438511913936 0.0677719783721547 3.3346411920306873 0.35854905460480985 -0.08779679409307754 0.002746213313079623
-2.2868334834334316 0.10390975511280741 -3.7450931456789798 -0.06523529311652797 -0.8066164026259423 -0.0010701826144882843
-3.077968115629737 -0.3036223807466734 0.6140574219617135 0.06859652711931115 0.8404441632437727 -0.002102083933284754
-1.0994935805781412 -0.14978184890777263 0.6558371995363698 -0.09165329330037703 0.1447638696286413 -0.0016435281397149525
-1.3748665849731434 0.4087373054851552 -0.6000039473180531 0.0210419853056372 -1.3796393718122921 -0.0014278259019070863
0.49876169948127197 0.2805188111990519 -2.0119691833532216 -0.03155951451209733 0.4603949797706538 0.0006490875352020034
0.8064117037581918 -0.013211027313046615 -1.6612600865960188 -0.1962371102505855 0.016724396074337466 0.0008938323452022417
0.8459009710126786 -0.1558950146944952 -5.838660692141327 0.1761015255689785 -1.6444989553672908 0.00013575161118554657
0.9632209314191255 -0.013375029032283693 3.2195160168571406 0.167274942314877 1.3586869232033267 0.001362934946441185
-3.0791185276958104 0.1723970787618901 -1.026625684144118 0.2714723439508894 0.021657566950172888 -0.0010199024794290575
1.9376335834621288 -0.1984710789497449 -0.960851829436503 0.14482382025223187 -0.593435877673163 0.0025917617327381945
-3.0434760170501507 0.2325616269732773 4.238216695944987 0.1430262852293753 -0.6732563413515085 7.689030163602783e-05
0.3437001638055098 0.21145653852563817 -0.25081735681964384 -0.3699324970315599 -0.6459596902122554 0.00035988742079170864
1.5313177417197594 0.29982024382581113 -6.412175305357886 -0.008723226513823084 0.7534893696230739 0.0010719089100079834
-2.143787952707377 -0.06746174367775423 3.7465127955685373 0.4021426404521382 0.4021539577237879 -0.0007309968803749785
-2.925379665866507 0.26918346788348324 0.4841387337639322 -0.12024451079944076 0.02240522159634794 -0.0019457420224962974
-2.5066672129084098 -0.12276486105939735 -5.9411044791186525 -0.046117635931450386 1.3379281229845337 -0.0011441406455720928
-7.594825484486186 0.08357674934754046 1.2557601137171592 -0.2151512567813998 -0.44968956005132943 -0.0016191704333938849
-2.40569289575929 0.24493671971634134 -0.3603372125422022 0.05063385306013506 0.040583367253296684 0.002617604966752171
-8.56559132675844 -0.3418970750784731 1.0394146739070622 -0.056550294508254134 -0.05404610308878055 -0.002847098899955702
-1.7317353097603538 0.01672692175064951 6.77682460154036 -0.17704757728562276 -1.569070474342059 0.0001997658915596432
1.217763130084411 0.09352316755490035 1.8617126053425614 0.10795941901732423 1.0783205876266257 0.0019155056033869126
1.4527516441777337 -0.09003023151323002 10.670425000237834 -0.14880817659896958 -0.22752662535223028 0.0030279677896594553
-3.174158416400606 0.07999312226241839 3.431712533322838 0.008623693226945488 0.43129396082677596 -0.0018128619318789287
-1.8432531993831864 0.21157916581037584 -3.358059171804782 -0.09831451944419728 0.4569426988065771 -0.0022793002000707735
2.4641203797768303 0.07780750896636578 1.7142852380819844 0.2399786566115891 -1.5938805576753308 0.0006896684041387627
-2.556359072406638 0.0020168409270421186 1.198873413991887 -0.19937652187535287 -0.2055434871267303 -0.001109737597861562
-8.082846993197053 0.14302109420937853 1.7204527882995286 -0.29754649987190557 0.5968005605301029 -0.0026032099875883887
0.23938594475622285 0.2280021659103782 0.964290223342907 -0.029678684192039756 0.48914852380146445 -0.001608785548335038
-0.8875344722049436 -0.17268142498275613 -1.0718160709437952 -0.022974380328237558 -1.4332383576574317 0.0008025672173330589
2.3578588533506637 -0.20443684168900222 5.5894590711233985 0.05909629382572631 1.3119800496864018 0.0021802234416866523
